0.000000000000000000e+00 0.000000000000000000e+00 1.000000000000000000e+00 0.000000000000000000e+00 0.000000000000000000e+00 0.000000000000000000e+00
2.001334222815210062e-01 1.042901014115152694e-02 9.885335047344631088e-01 1.026960884183863434e-03 1.031548389874019879e-05 2.087563034779038312e-07
4.002668445630420124e-01 3.573743817588701920e-03 9.953809885533839719e-01 1.033163610458703472e-03 1.175033496251635674e-05 3.536836074984185214e-07
6.004002668445630464e-01 4.548774456347492133e-03 9.954453209612437181e-01 4.736738466614847124e-06 4.574585300581117899e-07 7.103854135525544595e-07
8.005336891260840249e-01 9.794107280810463237e-03 9.891683867138360009e-01 1.027773070841269754e-03 8.633733371777307794e-06 1.099201142112031234e-06
1.000667111407605114e+00 1.399764772201277162e-04 9.988059025846737216e-01 1.041441898172324430e-03 1.180674241212094283e-05 8.722975229293535449e-07
1.200800533689126093e+00 1.093277403806605826e-02 9.890539837173857318e-01 1.088235793368755524e-05 1.800239113592752430e-06 5.596475014256155795e-07
1.400933955970647071e+00 2.715465344345881476e-03 9.962418642809919289e-01 1.035187092298404075e-03 7.140582405178977528e-06 3.426999585831321279e-07
1.601067378252168050e+00 5.566583780015788886e-03 9.933731915828499792e-01 1.049076106869144091e-03 1.107527857126206602e-05 7.325169396045932558e-08
1.801200800533689028e+00 9.066460533718227743e-03 9.909128220480656335e-01 1.713579617730013544e-05 3.518529688218786468e-06 6.309235035463492634e-08
2.001334222815210229e+00 4.553089797078976788e-04 9.984952540974275648e-01 1.043200033873986502e-03 5.983076527029763493e-06 2.538124630478606523e-07
2.201467645096731207e+00 1.124956315462608686e-02 9.876826639854432432e-01 1.056867949284015290e-03 1.040470952387543610e-05 5.002011223063446451e-07
2.401601067378252186e+00 1.971849719585819661e-03 9.979992374082155004e-01 2.252786625986808385e-05 5.439775587000668788e-06 9.452303517057479083e-07
2.601734489659773164e+00 6.594266479174828825e-03 9.923530283650962014e-01 1.046404842533032835e-03 5.334703538949703354e-06 9.656096569559844643e-07
2.801867911941294143e+00 8.223260132220737428e-03 9.907009546861991200e-01 1.065748808079178050e-03 9.267184572053481997e-06 7.691889292055700791e-07
3.002001334222815121e+00 9.279550260181994780e-04 9.990360780695547449e-01 2.744699172261747707e-05 8.004531862056063352e-06 5.153808427859749316e-07
3.202134756504336099e+00 1.140522330444515738e-02 9.875426877686270810e-01 1.047572372751973471e-03 4.324146629505473985e-06 1.924075466782860697e-07
3.402268178785857078e+00 1.347225603033677969e-03 9.975716382205359611e-01 1.073006232606505501e-03 8.078230416022060353e-06 5.171340811607664626e-08
3.602401601067378056e+00 7.582870310340101942e-03 9.923720761400289803e-01 3.427807321203297277e-05 1.062555485107586385e-05 1.499215684068469499e-07
3.802535023348899035e+00 7.312731468038128485e-03 9.916319219439209132e-01 1.051991109856858153e-03 2.905170480281335860e-06 4.503077039689452274e-07
4.002668445630420457e+00 1.546471456011427837e-03 9.973672605878376451e-01 1.078446531927598371e-03 7.148200987636341017e-06 6.732232366525421935e-07
4.202801867911941436e+00 1.139855725808499101e-02 9.885411126079693966e-01 4.665225288969389978e-05 1.269173242513212968e-05 9.861486318300616725e-07
4.402935290193462414e+00 8.674740845696895988e-04 9.980683092015067981e-01 1.061445700001565013e-03 1.748973377368076041e-06 1.022040546057633002e-06
4.603068712474983393e+00 8.498259763078077483e-03 9.904060131429091030e-01 1.089231797829115674e-03 5.828421151963999867e-06 6.668750334856084172e-07
4.803202134756504371e+00 6.388129917515032903e-03 9.935297016132630388e-01 6.744342325992409620e-05 1.437235974872446974e-05 3.526862148672283248e-07
5.003335557038025350e+00 2.309804711185773837e-03 9.966151327134521454e-01 1.073938216724044502e-03 9.687549574642701117e-07 1.556036813976555279e-07
5.203468979319546328e+00 1.120548424844660523e-02 9.876777688381203069e-01 1.112087597023767764e-03 4.589448484274898361e-06 6.986792582690183938e-08
5.403602401601067307e+00 5.624009712562753937e-04 9.993254870146154323e-01 9.636106124298504292e-05 1.541832901118159765e-05 3.326238753844102307e-07
5.603735823882588285e+00 9.352390715690224454e-03 9.895592322298324417e-01 1.086758423358866578e-03 1.101004221848849288e-06 5.176268979575484895e-07
5.803869246164109263e+00 5.450947672298899968e-03 9.933984095720197471e-01 1.146290444025809506e-03 3.579538584403787364e-06 7.727730722377942069e-07
6.004002668445630242e+00 3.181074475143908474e-03 9.966730636285869860e-01 1.286450672982489903e-04 1.602218926115920450e-05 1.194639711287098131e-06
6.204136090727151220e+00 1.086709660894014280e-02 9.880289326580464770e-01 1.100954054306295046e-03 2.171850758142881123e-06 8.448279509726375608e-07
6.404269513008672199e+00 4.278025763538154439e-04 9.983866443638337307e-01 1.182785013290416944e-03 2.276473342069586935e-06 4.915731815644848835e-07
6.604402935290193177e+00 1.009769487695648740e-02 9.897284196364132258e-01 1.571481947044135827e-04 1.639389060646829390e-05 3.434013204292978855e-07
6.804536357571714156e+00 4.532967418988420073e-03 9.943473776707943967e-01 1.115998574311963644e-03 3.551595322814759493e-06 1.047405839662609152e-07
7.004669779853235134e+00 4.119897026441797505e-03 9.946685355189724964e-01 1.209947808434037658e-03 1.437209722418688903e-06 1.824364305675823830e-07
7.204803202134756113e+00 1.038933687161541775e-02 9.894190917278523623e-01 1.756701004451723385e-04 1.551317465363555702e-05 3.881254348185633517e-07
7.404936624416277091e+00 4.530970974453848933e-04 9.984179561661398195e-01 1.123008763126533962e-03 5.295400378814332861e-06 6.425729102572688775e-07
7.605070046697798070e+00 1.067718710145029899e-02 9.880960804695220201e-01 1.224219722964686296e-03 1.461858946017567546e-06 1.050847118372347204e-06
7.805203468979319048e+00 3.665955693521524752e-03 9.961397828551186162e-01 1.797971874842829948e-04 1.341585636570695547e-05 1.048407510515579554e-06
8.005336891260840915e+00 5.102278579523032015e-03 9.937755226233564443e-01 1.114771558677473719e-03 6.724952248689112533e-06 7.022861947330634285e-07
8.205470313542361893e+00 9.741438520258672781e-03 9.890283711567504632e-01 1.227647336011383978e-03 2.007074532265393383e-06 5.359124469256492164e-07
8.405603735823882872e+00 6.267093070892646410e-04 9.991927285376217549e-01 1.689927207183437809e-04 1.130277781236081401e-05 2.666567573811951826e-07
8.605737158105403850e+00 1.110538254131241201e-02 9.877905895954273152e-01 1.096497429390179109e-03 7.302868610537750989e-06 2.275652586572160098e-07
8.805870580386924829e+00 2.852246857903953294e-03 9.959240974225346266e-01 1.220135758047180378e-03 3.155111931031328629e-06 3.648495822775743979e-07
9.006004002668445807e+00 6.079911352750126327e-03 9.937589082173531319e-01 1.512280005318232523e-04 9.304929336497899686e-06 6.475000278149107446e-07
9.206137424949966785e+00 8.977925435547933972e-03 9.899320039282749617e-01 1.080922248024279936e-03 8.137220827028665340e-06 1.011167325590502354e-06
9.406270847231487764e+00 9.528587142784930184e-04 9.978341605753873189e-01 1.207439722015771644e-03 4.402122878523335858e-06 1.138865440631772026e-06
9.606404269513008742e+00 1.137542284173922134e-02 9.884744024157140485e-01 1.417406395497368811e-04 7.367293228880999140e-06 1.066809768680273508e-06
9.806537691794529721e+00 2.142653292755885945e-03 9.967673994101871049e-01 1.079818386773761857e-03 9.384783201323689263e-06 7.441270821169627395e-07
1.000667111407605070e+01 7.042376976833113894e-03 9.917458890451010811e-01 1.205767231228585274e-03 5.514390432199054549e-06 4.523564053791192856e-07
1.020680453635757168e+01 8.163229331916902962e-03 9.916752001971989028e-01 1.557538316263396623e-04 5.525445560593209105e-06 2.911936982548470905e-07
1.040693795863909266e+01 1.458608824939901889e-03 9.974300170091535689e-01 1.100574488726730957e-03 1.047856267115066148e-05 3.211145095067181835e-07
1.060707138092061363e+01 1.148412701594929593e-02 9.872770805127961680e-01 1.231368224602820980e-03 6.828114272810183626e-06 5.961323797434102509e-07
1.080720480320213461e+01 1.603641354461266379e-03 9.981895544231281781e-01 2.024762406330820274e-04 3.428226160966158900e-06 8.997556173699400389e-07
1.100733822548365559e+01 8.020168299246649424e-03 9.908209582707392382e-01 1.146314164784734309e-03 1.147633949731975594e-05 1.082925733418061055e-06
1.120747164776517657e+01 7.317593756365216827e-03 9.913813059578188147e-01 1.291847388386554952e-03 7.926643172158457799e-06 1.326254258196535779e-06
1.140760507004669755e+01 2.141146118459466650e-03 9.975762457808360351e-01 2.800163047911231233e-04 1.558336924751928381e-06 1.033458988830025822e-06
1.160773849232821853e+01 1.148382944960421592e-02 9.872874163999199038e-01 1.216656824518346815e-03 1.154336146011191237e-05 5.539644978495091152e-07
1.180787191460973951e+01 1.248135059496835670e-03 9.973631410978582856e-01 1.379302462984837536e-03 8.995512434413074776e-06 4.258672257484382394e-07
1.200800533689126048e+01 8.965134567419704575e-03 9.906597463391052516e-01 3.744010172263810836e-04 5.066566962323182585e-07 2.114195527665301280e-07
1.220813875917278146e+01 6.479098698689353744e-03 9.922065099825853052e-01 1.303514423336975042e-03 1.052958174812097263e-05 3.473136412605113658e-07
1.240827218145430244e+01 2.963288016631292817e-03 9.955554914034183689e-01 1.470279869109201391e-03 1.038279535230267792e-05 5.579154906129334297e-07
1.260840560373582342e+01 1.134868427510505630e-02 9.881842982601202197e-01 4.660837756348542530e-04 1.488393582960639573e-07 7.848497826572359919e-07
1.280853902601734440e+01 1.054771084606102426e-03 9.975498478594986285e-01 1.384634330624449731e-03 9.601079381984499540e-06 1.145645889845110191e-06
1.300867244829886538e+01 9.795511346124736313e-03 9.886495859209940562e-01 1.542526934811624170e-03 1.127085125879254836e-05 1.104946810800722241e-06
1.320880587058038635e+01 5.642215409661368100e-03 9.938233592825759244e-01 5.330629462353135735e-04 6.347330854957047381e-07 7.276284421727621876e-07
1.340893929286190733e+01 3.863776820065974518e-03 9.946969884999017353e-01 1.430059797081414778e-03 8.625441239135203211e-06 5.494417120745586905e-07
1.360907271514342831e+01 1.099784826420880345e-02 9.874064354408871313e-01 1.583682620900428179e-03 1.164383744904549754e-05 3.898365552617157098e-07
1.380920613742494929e+01 9.789507581604479664e-04 9.984659470051444607e-01 5.526985694644455556e-04 2.024603936734258923e-06 3.790632938115797364e-07
1.400933955970647027e+01 1.047581029957688273e-02 9.880912081830627303e-01 1.425030533138535796e-03 7.397969485809092113e-06 5.530147354736048379e-07
1.420947298198799125e+01 4.755332485419583137e-03 9.936507593224319645e-01 1.581782489493700457e-03 1.142534184697634955e-05 7.003608064004612078e-07
1.440960640426951223e+01 4.757581448609078147e-03 9.947202427181652817e-01 5.169237981725219701e-04 4.120206946015876315e-06 1.131828105548285591e-06
1.460973982655103320e+01 1.044803686265794937e-02 9.881640326238737559e-01 1.380376763668468088e-03 6.402831533625127107e-06 1.150918264468758873e-06
1.480987324883255418e+01 9.914772206737715136e-04 9.974674464139350327e-01 1.530313299891821605e-03 9.823178493554064625e-06 9.398870044993491814e-07
1.501000667111407516e+01 1.096292052236650695e-02 9.885852127538919953e-01 4.443653634462247271e-04 6.724879023716281989e-06 7.764812700575278604e-07
1.521014009339559614e+01 3.857912114491358468e-03 9.948205681159313363e-01 1.315567392123038158e-03 5.370340862958342667e-06 5.820365896387413554e-07
1.541027351567711712e+01 5.630532198438079929e-03 9.929118580139235650e-01 1.449115937090765830e-03 7.879170712406747279e-06 6.146798341993418215e-07
1.561040693795863810e+01 9.755363730390209653e-03 9.898649510857517875e-01 3.698284159800818119e-04 9.110522234249516669e-06 7.462456421399089011e-07
1.581054036024015907e+01 1.134935120284697460e-03 9.976085708633550819e-01 1.251138293916323084e-03 4.268149503134937805e-06 1.087572938704191489e-06
1.601067378252168183e+01 1.127576887095741234e-02 9.873347318448386645e-01 1.381338869738157763e-03 6.734628561229720016e-06 1.425785901379124289e-06
1.621080720480320281e+01 3.058453882153717735e-03 9.965993204104616199e-01 3.296118226872395119e-04 1.107079912513491970e-05 1.543085568511557765e-06
1.641094062708472379e+01 6.550880127757158396e-03 9.922262874264008436e-01 1.217985690868854517e-03 3.331417105056241389e-06 1.515337864948780500e-06
1.661107404936624476e+01 8.989260206173464371e-03 9.896363193636127376e-01 1.367190757666221328e-03 5.987355391622310994e-06 1.242317152556183765e-06
1.681120747164776574e+01 1.483298702838969181e-03 9.981488706505156072e-01 3.540204359945148260e-04 1.304288124642328358e-05 7.673294008896461923e-07
1.701134089392928672e+01 1.152567733507342193e-02 9.872247620362931686e-01 1.246530740941747227e-03 2.389903728867447450e-06 6.399839594887461157e-07
1.721147431621080770e+01 2.446803562210568030e-03 9.961172113157050756e-01 1.429690455073949614e-03 5.658687259629430368e-06 6.359797482435756997e-07
1.741160773849232868e+01 7.541258428834216737e-03 9.919869348112406726e-01 4.565016906972957432e-04 1.450005399672853121e-05 8.050152289510623498e-07
1.761174116077384966e+01 8.264564453510248737e-03 9.903849930595058915e-01 1.347254817406458261e-03 1.995667436191970957e-06 1.192002138961107222e-06
1.781187458305537064e+01 2.080157186455698116e-03 9.963437760992033265e-01 1.569299740944696351e-03 5.343005524700113865e-06 1.423967869131269418e-06
1.801200800533689161e+01 1.173050808160202782e-02 9.876262368024403271e-01 6.266654171235799169e-04 1.495715716936109743e-05 1.632541663295704367e-06
1.821214142761841259e+01 2.069323811337519820e-03 9.964206750088363540e-01 1.505885608257688350e-03 2.567461380932181006e-06 1.548110186296555919e-06
1.841227484989993357e+01 8.564985149494708933e-03 9.896701297139745002e-01 1.759436119096660991e-03 4.350709179918132111e-06 1.098308252849580403e-06
1.861240827218145455e+01 7.596657302484619533e-03 9.915562339303163331e-01 8.318578004849132464e-04 1.452380772002872947e-05 7.271589918125550009e-07
1.881254169446297553e+01 2.880413953758545736e-03 9.954350522018632352e-01 1.679971322660536249e-03 3.969681349910219360e-06 5.928403665307838369e-07
1.901267511674449651e+01 1.179666255074612174e-02 9.862391641892803706e-01 1.960237309929747755e-03 3.451464846439043508e-06 4.844851964302323429e-07
1.921280853902601748e+01 1.872271993649270291e-03 9.970967352457204003e-01 1.017315351275556792e-03 1.308028711924965228e-05 5.971222347770033801e-07
1.941294196130753846e+01 9.535626681888889275e-03 9.886423418998361301e-01 1.815146502828098073e-03 6.119954581706840683e-06 7.649608648353421981e-07
1.961307538358905944e+01 6.867332881438838882e-03 9.910013902868762825e-01 2.127222934736220945e-03 2.998210871822435205e-06 1.055686075326464181e-06
1.981320880587058042e+01 3.736976034184496739e-03 9.951288420056688677e-01 1.121746259383722688e-03 1.128394758937117007e-05 1.151753171868874951e-06
2.001334222815210140e+01 1.164510575148410519e-02 9.864654015349583194e-01 1.880391281601480552e-03 8.112061174380810546e-06 9.893707802562894009e-07
2.021347565043362238e+01 1.727285396112035378e-03 9.960654227192692334e-01 2.203571719909166223e-03 2.840779259514796360e-06 8.793854482118352571e-07
2.041360907271514336e+01 1.029619696788524989e-02 9.885787273539806685e-01 1.114456625300093385e-03 9.923992743844977851e-06 6.950600880836043553e-07
2.061374249499666433e+01 6.005022339010989037e-03 9.921185358195949711e-01 1.866003008965955341e-03 9.473939327688462534e-06 9.648930985114048451e-07
2.081387591727818531e+01 4.534404493368446483e-03 9.933087256271029286e-01 2.152525841112675354e-03 3.372417519729222330e-06 9.716208942717204683e-07
2.101400933955970629e+01 1.120845781125429270e-02 9.877730573265319780e-01 1.008984818264162253e-03 8.494691715991745006e-06 1.005352231463758353e-06
2.121414276184122727e+01 1.577868734614692493e-03 9.966426922295660296e-01 1.767236490850824550e-03 1.068616708224752853e-05 1.516377884309145880e-06
2.141427618412274825e+01 1.078856747260884506e-02 9.872035291265556234e-01 2.002178674774031213e-03 4.352070653218952477e-06 1.372655406364689846e-06
2.161440960640426923e+01 5.040564320960971324e-03 9.941075453938598150e-01 8.439144534997252648e-04 6.807929694810212429e-06 1.167901983540647752e-06
2.181454302868579020e+01 5.287259146005266787e-03 9.930904279367210874e-01 1.609785814085576373e-03 1.135601650819115538e-05 1.171086679259612379e-06
2.201467645096731118e+01 1.052482040410464975e-02 9.876494880726462977e-01 1.819418870829589158e-03 5.370840153866576289e-06 9.018122652386879659e-07
2.221480987324883216e+01 1.496070295865579384e-03 9.978217139561267324e-01 6.758228579292513720e-04 5.389308457474622084e-06 1.003581619087197106e-06
2.241494329553035314e+01 1.114341233247342564e-02 9.873814993030003428e-01 1.462516379054110442e-03 1.121968445525005806e-05 1.352301015814615867e-06
2.261507671781187412e+01 4.103210347454252366e-03 9.942202768859738082e-01 1.668358276760797216e-03 6.492696017975682808e-06 1.661793792503933832e-06
2.281521014009339510e+01 6.083285931617075926e-03 9.933329110421764696e-01 5.775203566703114360e-04 4.181713658793717639e-06 2.100955876129231297e-06
2.301534356237491608e+01 9.808911333871603994e-03 9.887815089680357383e-01 1.396303912896027866e-03 1.102544449560401885e-05 2.250340699409609265e-06
2.321547698465643705e+01 1.639881046120031339e-03 9.967376953715229027e-01 1.612439989830587736e-03 7.682402759579790531e-06 2.301189764445404035e-06
2.341561040693795803e+01 1.149005129098967792e-02 9.878949787720306963e-01 6.099048053936700301e-04 3.102091155212433018e-06 1.963040428367244050e-06
2.361574382921947901e+01 3.398756373365662779e-03 9.951377646221952755e-01 1.451345420180993016e-03 1.072852638520885139e-05 1.405057870882128023e-06
2.381587725150099999e+01 7.035652634220053957e-03 9.912551529427050534e-01 1.698555384065312352e-03 9.432314203005788889e-06 1.206724803428371773e-06
2.401601067378252097e+01 9.222823964597668886e-03 9.899800299449574847e-01 7.940288583838811271e-04 2.124182399770548122e-06 9.930496580694255652e-07
2.421614409606404195e+01 2.125898186182626371e-03 9.962312953712848529e-01 1.631710368333368555e-03 1.011909752590272414e-05 9.769766690321028574e-07
2.441627751834556292e+01 1.186924818696616889e-02 9.861894978676513102e-01 1.927922349390826916e-03 1.183323979231627954e-05 1.498356195295009869e-06
2.461641094062708390e+01 3.024318183000748034e-03 9.958723909210392966e-01 1.100443193970487669e-03 1.188429187712046201e-06 1.659272798324373748e-06
2.481654436290860488e+01 8.157725998533845238e-03 9.899322602828619644e-01 1.899090352696637283e-03 9.184266111891867975e-06 1.739099792383684208e-06
2.501667778519012586e+01 8.734498830435961578e-03 9.889876834066204658e-01 2.261489701878848218e-03 1.410711950580377744e-05 2.220941554651721079e-06
2.521681120747164684e+01 2.890979302628309683e-03 9.956598782256287361e-01 1.446747703514650795e-03 7.291461403460701483e-07 1.665622084433813904e-06
2.541694462975316782e+01 1.221519003141969921e-02 9.855886223947766256e-01 2.187347810728193856e-03 7.604584635011254802e-06 1.235178437307366731e-06
2.561707805203468880e+01 2.860701105535428702e-03 9.945052420350675160e-01 2.616768658966011751e-03 1.600753271001328901e-05 1.280667717846066876e-06
2.581721147431620977e+01 9.251701886261119376e-03 9.890165822232769299e-01 1.729769936231290986e-03 1.063781370939506135e-06 8.821728568568151203e-07
2.601734489659773075e+01 8.202040513008256387e-03 9.893613835577692583e-01 2.429734230528313253e-03 6.060665997652466572e-06 7.810326932218412388e-07
2.621747831887925173e+01 3.732012352767977853e-03 9.933764093606622936e-01 2.874010944642939585e-03 1.667569242658470993e-05 8.916494968548492003e-07
2.641761174116077271e+01 1.230375511378869156e-02 9.858161946315410207e-01 1.876908990413342750e-03 2.166802885096067443e-06 9.744613681764877763e-07
2.661774516344229369e+01 2.701137028489832177e-03 9.947360507633902227e-01 2.556359585715464646e-03 5.427481529698293472e-06 1.025140870845737370e-06
2.681787858572381467e+01 1.008884522301887153e-02 9.869443476519730307e-01 2.950431673864068165e-03 1.521672326783333997e-05 1.158727872169755683e-06
2.701801200800533564e+01 7.442890145180346660e-03 9.906991267089725328e-01 1.852859330142963418e-03 4.074306210537271704e-06 1.049509490043977721e-06
2.721814543028685662e+01 4.464516247219624950e-03 9.930191399197459967e-01 2.509943081619587547e-03 5.302331348483052553e-06 1.098420062642859121e-06
2.741827885256837760e+01 1.196186725595671865e-02 9.851780772285043675e-01 2.845820969846545295e-03 1.270108140497415578e-05 1.533464284012961984e-06
2.761841227484989858e+01 2.417299064415126802e-03 9.959203174331348052e-01 1.654091177285984616e-03 6.692533489269403612e-06 1.599791671596813572e-06
2.781854569713141956e+01 1.062196329170986622e-02 9.870644083488309128e-01 2.306772924798297306e-03 5.080536518641433923e-06 1.774898139155588376e-06
2.801867911941294054e+01 6.399464428816501946e-03 9.909900636518090833e-01 2.598162132815202627e-03 1.015557616445795614e-05 2.154210391617972534e-06
2.821881254169446152e+01 5.046627117364663705e-03 9.936005023061063035e-01 1.340985995730534534e-03 9.883984484322907364e-06 2.000596310094599514e-06
2.841894596397598249e+01 1.131183757004204302e-02 9.866430771427815438e-01 2.038654760701748975e-03 4.619920489961986025e-06 1.810605981239970857e-06
2.861907938625750347e+01 2.085168371021669208e-03 9.956343620678275164e-01 2.271173198130715856e-03 7.529550466054934717e-06 1.766812551062086316e-06
2.881921280853902445e+01 1.095872321327645733e-02 9.879881271797875675e-01 1.038582701620529821e-03 1.325465834952029075e-05 1.312246962539935229e-06
2.901934623082054543e+01 5.304122963717045926e-03 9.928867787422221980e-01 1.803783880155321014e-03 3.791117219591592268e-06 1.523296682137159962e-06
2.921947965310206641e+01 5.657263960931674558e-03 9.923508601419011033e-01 1.984514895781405372e-03 5.436096716326191413e-06 1.924904665293833472e-06
2.941961307538358739e+01 1.062366742411775984e-02 9.884834685995954606e-01 8.750400609774937766e-04 1.578305142660204593e-05 2.040863878065171414e-06
2.961974649766510836e+01 1.967462271980893219e-03 9.963456436115470938e-01 1.681110935249558987e-03 2.939264218392397725e-06 2.843916999636836571e-06
2.981987991994662934e+01 1.132919716461873449e-02 9.867940405041416563e-01 1.869292273524765600e-03 4.285680080343365191e-06 3.184377629746241968e-06
3.002001334222815032e+01 4.484125076028910861e-03 9.945631916682383666e-01 9.326765522184449209e-04 1.699728623531458806e-05 3.009417274186449020e-06
3.022014676450967130e+01 6.532626099407782064e-03 9.917276552001997869e-01 1.733918762970592829e-03 2.677403247310991964e-06 3.122534169851130818e-06
3.042028018679119228e+01 1.012785934004417111e-02 9.878682291541173166e-01 1.997513063141930292e-03 3.844149948280303205e-06 2.554292742566601493e-06
3.062041360907271326e+01 2.280075300669845689e-03 9.964750729598244039e-01 1.225925153879964648e-03 1.703587679204777129e-05 1.890708828263079544e-06
3.082054703135423424e+01 1.190407277081958863e-02 9.861138630288346363e-01 1.976707612584720219e-03 3.636813363360752963e-06 1.719774390902983169e-06
3.102068045363575521e+01 4.090899923335633917e-03 9.935352232966380148e-01 2.368419063157815429e-03 4.005614940741016410e-06 1.452101920504764525e-06
3.122081387591727619e+01 7.687759410181935031e-03 9.906064997082815182e-01 1.688293239996784814e-03 1.589018742038726984e-05 1.557454113290638184e-06
3.142094729819879717e+01 9.878971141568661588e-03 9.877514523524849599e-01 2.361802829493987906e-03 6.029177572320570816e-06 1.744498873919993214e-06
3.162108072048031815e+01 2.999853434962439138e-03 9.940989732396410261e-01 2.894910835980279463e-03 4.313019243051861780e-06 1.949470168178492632e-06
3.182121414276183913e+01 1.253445872143027148e-02 9.852481939524532217e-01 2.201173986464486330e-03 1.394691155879873347e-05 2.226428087525227245e-06
3.202134756504336366e+01 4.007866931034677858e-03 9.931855500313310214e-01 2.795124815639730195e-03 9.215203612141929963e-06 2.243018376137939437e-06
3.222148098732488108e+01 8.902179440206239164e-03 9.876742426316704737e-01 3.417045437763139171e-03 4.594005944309148330e-06 1.938484410166921965e-06
3.242161440960640562e+01 9.626274719274232824e-03 9.877260855150294949e-01 2.634318163673937327e-03 1.162876646133663857e-05 1.692835554478464059e-06
3.262174783188792304e+01 3.859775883150758438e-03 9.929847400529727697e-01 3.141210795424164218e-03 1.248004123556345703e-05 1.793227210715923114e-06
3.282188125416944757e+01 1.287543450613588304e-02 9.833237774910547069e-01 3.794217631177912789e-03 5.230072519814156276e-06 1.340299105642801803e-06
3.302201467645096500e+01 3.912705310872161175e-03 9.932228646634662095e-01 2.854517956889620917e-03 8.817964398458366719e-06 1.094104367689043828e-06
3.322214809873248953e+01 9.880985393994595745e-03 9.868229586508594497e-01 3.279590166643287473e-03 1.506282067747232712e-05 1.402967818533695656e-06
3.342228152101400696e+01 9.007456549438130899e-03 9.870438404859919190e-01 3.941532535222440348e-03 6.055886512402417835e-06 1.114542828217662494e-06
3.362241494329553149e+01 4.534040983936504787e-03 9.926880107064116610e-01 2.770984730472355120e-03 5.899733930852927950e-06 1.063845241493782498e-06
3.382254836557704891e+01 1.272112596443700921e-02 9.840736162531392717e-01 3.187556971590196127e-03 1.626434284197741519e-05 1.436467984321959596e-06
3.402268178785857344e+01 3.537017586609175670e-03 9.926598296718880388e-01 3.795321893955657701e-03 6.483133572889210998e-06 1.347713966945848317e-06
3.422281521014009087e+01 1.042815786696793708e-02 9.871513306021346690e-01 2.415011558305033609e-03 3.804110747826211023e-06 1.695861837643525539e-06
3.442294863242161540e+01 7.945355483805555813e-03 9.891167630669093214e-01 2.918902683629623959e-03 1.646188512613024437e-05 2.516880522518601279e-06
3.462308205470313283e+01 4.944928242979432058e-03 9.916737840117237912e-01 3.372189451343354447e-03 6.576893734038103789e-06 2.521400213200036509e-06
3.482321547698465736e+01 1.211007679562679101e-02 9.859555124781438362e-01 1.928883345702818311e-03 2.669380361180873328e-06 2.858000158273872790e-06
3.502334889926617478e+01 2.951315662666395643e-03 9.944821012286043649e-01 2.546739660581814630e-03 1.648656237345709925e-05 3.356885767035254499e-06
3.522348232154769931e+01 1.069171404442082612e-02 9.864661934739445970e-01 2.832256264489110744e-03 7.000002069220127440e-06 2.836215069182397509e-06
3.542361574382921674e+01 6.698977074902543426e-03 9.918128961994355786e-01 1.483398606280235789e-03 2.086561573675125817e-06 2.641557800029373896e-06
3.562374916611074127e+01 5.337357243135089357e-03 9.924568267789956044e-01 2.187280374547588037e-03 1.608092935196845757e-05 2.454673962108873137e-06
3.582388258839225870e+01 1.138088536083168602e-02 9.862235914465410369e-01 2.384971330105909240e-03 8.345961078783130092e-06 2.205901434884629180e-06
3.602401601067378323e+01 2.511997872581128635e-03 9.962466242940051231e-01 1.237202128882034782e-03 1.760107227733219832e-06 2.415597296060800597e-06
3.622414943295530065e+01 1.106751222255429601e-02 9.869206331381780162e-01 1.994711680458639662e-03 1.462855905835519854e-05 2.514399742903019846e-06
3.642428285523682518e+01 5.701701952143129089e-03 9.920953627269182284e-01 2.188815521362639464e-03 1.066194372100415134e-05 3.457855846951083839e-06
3.662441627751834261e+01 6.029889399136151296e-03 9.926581977266111245e-01 1.306638587646880532e-03 1.515275188580446600e-06 3.759011409323072465e-06
3.682454969979986714e+01 1.097294084222161063e-02 9.869393840620269698e-01 2.072014330605241594e-03 1.199984077295430963e-05 3.660924364775557597e-06
3.702468312208138457e+01 2.583745699085909960e-03 9.950587393065670749e-01 2.339000084120768444e-03 1.402981833820022519e-05 4.485091879766011204e-06
3.722481654436290910e+01 1.177304053596912869e-02 9.865080680192896967e-01 1.713923381790603481e-03 1.322366432292724875e-06 3.645696509610547731e-06
3.742494996664442652e+01 5.273509028393356252e-03 9.922900133920652399e-01 2.424901334472070839e-03 8.701167131590227912e-06 2.875077928579393182e-06
3.762508338892595106e+01 7.158387315031276669e-03 9.899932904273969214e-01 2.826767317311542054e-03 1.851354389402378305e-05 3.041396356822746527e-06
3.782521681120746848e+01 1.097489870825049847e-02 9.866441506491187008e-01 2.377504989896260350e-03 1.342481762020417491e-06 2.103170962230544529e-06
3.802535023348899301e+01 3.228068581838182839e-03 9.937945276276336504e-01 2.969795331691200448e-03 5.888068242459517278e-06 1.720390583291818003e-06
3.822548365577051044e+01 1.266965558562667057e-02 9.837788151797871583e-01 3.526257736364154204e-03 2.302381480391817368e-05 2.247683407476319387e-06
3.842561707805203497e+01 5.309400182068036572e-03 9.915601635000295122e-01 3.126701896855360336e-03 1.847070768341887394e-06 1.887350267430996448e-06
3.862575050033355240e+01 8.508039657730002633e-03 9.879398782516856103e-01 3.545889436306785391e-03 4.277419820629807343e-06 1.915234444055052806e-06
3.882588392261507693e+01 1.103186958864688441e-02 9.846729919897966310e-01 4.266089845180406383e-03 2.627010470179381245e-05 2.778471660612782873e-06
3.902601734489659435e+01 4.108652075984478222e-03 9.921623213405829089e-01 3.723982219610460272e-03 2.882838375568751846e-06 2.161525433063717428e-06
3.922615076717811888e+01 1.336327743832676704e-02 9.826460139895693002e-01 3.984968776663154119e-03 3.752688534917705351e-06 1.987106892291483955e-06
3.942628418945963631e+01 5.336715912919416833e-03 9.897892427759846790e-01 4.843752941936401921e-03 2.755133956970211729e-05 2.737029575613509814e-06
3.962641761174116084e+01 9.607489936255278473e-03 9.864167627124431625e-01 3.969466141576249475e-03 4.306023577176341479e-06 1.975186133333215292e-06
3.982655103402267827e+01 1.068464888507032751e-02 9.851241585819109359e-01 4.185353833642271697e-03 4.104075208858750035e-06 1.734624152511192673e-06
4.002668445630420280e+01 4.775109523763108009e-03 9.901541108719138506e-01 5.042758703560680685e-03 2.580298373477137150e-05 2.217917012606465702e-06
4.022681787858572022e+01 1.342693148485020298e-02 9.827542597493489351e-01 3.811067923293920932e-03 6.155099392036260703e-06 1.585743099315589735e-06
4.042695130086724475e+01 4.952674625224726818e-03 9.909487578687540266e-01 4.092174140204022509e-03 4.886239361266423906e-06 1.507126439803115582e-06
4.062708472314876218e+01 1.017801736127718973e-02 9.850142770872922782e-01 4.784964694925643997e-03 2.077277592730358339e-05 1.968080562207943047e-06
4.082721814543028671e+01 9.685773649059217782e-03 9.869842632971190799e-01 3.319818335334421243e-03 8.627199460434773872e-06 1.517519011104239168e-06
4.102735156771180414e+01 5.049766852699758696e-03 9.912393873911244935e-01 3.703595626187221931e-03 5.109635358496401014e-06 2.140494614515306714e-06
4.122748498999332867e+01 1.283380646530508928e-02 9.829516426356137426e-01 4.196832563482822201e-03 1.460426676187006134e-05 3.114068820375073329e-06
4.142761841227484609e+01 4.144471418868912044e-03 9.932052391553793935e-01 2.635452432817416389e-03 1.188642295702851746e-05 2.950569961725648839e-06
4.162775183455637062e+01 1.039482985841190706e-02 9.864472442729554924e-01 3.149591035473413032e-03 4.388867187057489084e-06 3.945965957182433177e-06
4.182788525683788805e+01 8.265397833469500730e-03 9.882397245784612094e-01 3.480685308729201781e-03 9.558458693705648774e-06 4.633820631567841978e-06
4.202801867911941258e+01 5.157584867928720861e-03 9.928425519744359384e-01 1.980004440178853055e-03 1.591097542201979918e-05 3.947742020081558136e-06
4.222815210140093001e+01 1.207883907290750562e-02 9.852578186914910940e-01 2.655688264815159183e-03 3.401355218981110775e-06 4.252615553385833395e-06
4.242828552368245454e+01 3.339612227991182406e-03 9.938001457775350600e-01 2.850071306935295784e-03 6.152755943407719038e-06 4.017931580675613696e-06
4.262841894596397196e+01 1.068902626671953612e-02 9.876775299810948150e-01 1.610576236321990904e-03 1.975388777226249126e-05 3.113628077750403668e-06
4.282855236824549650e+01 7.061714078798618857e-03 9.905267634947938493e-01 2.405076721585883842e-03 3.035786227889608132e-06 3.409918579926866554e-06
4.302868579052701392e+01 5.581908716597505302e-03 9.918703447653645089e-01 2.540276414307000331e-03 4.049024576228205822e-06 3.421079141243942723e-06
4.322881921280853845e+01 1.171524998699315610e-02 9.865608036261473979e-01 1.698327989539387623e-03 2.200214273578778249e-05 3.616254571113857385e-06
4.342895263509005588e+01 3.094075879966860614e-03 9.944070519433887423e-01 2.490801488145181781e-03 3.737413482370541748e-06 4.333275003461971492e-06
4.362908605737158041e+01 1.144228168840606685e-02 9.858426918137483952e-01 2.707546707217417786e-03 2.981285222359537655e-06 4.498505392466336821e-06
4.382921947965309784e+01 6.566907115961644233e-03 9.911392841109958329e-01 2.266552062151547600e-03 2.232284545703465382e-05 4.933865421405955073e-06
4.402935290193462237e+01 6.614921800794135165e-03 9.904567759871011345e-01 2.917786132304459826e-03 5.663711723578473469e-06 4.852368064948584255e-06
4.422948632421613979e+01 1.193087136731558334e-02 9.847157771241024093e-01 3.345889313787001485e-03 3.288543356626755765e-06 4.173651427236581850e-06
4.442961974649766432e+01 3.598727040625036237e-03 9.932001906607582642e-01 3.175912457590393447e-03 2.125346784024420734e-05 3.916373176081136858e-06
4.462975316877918175e+01 1.261767129007886588e-02 9.837888508351042560e-01 3.581311991449531631e-03 8.946696088579088083e-06 3.219187268254687142e-06
4.482988659106070628e+01 6.716739210393447672e-03 9.889615433300659175e-01 4.313672198163069453e-03 5.463297943954012905e-06 2.581963422736848459e-06
4.503002001334222371e+01 8.026022499924533038e-03 9.878021501215612510e-01 4.150085354653679226e-03 1.923747818796439339e-05 2.504545661536322469e-06
4.523015343562374824e+01 1.239299558177066329e-02 9.832858734122185140e-01 4.305819308163986309e-03 1.313843603583016918e-05 2.173261800804915013e-06
4.543028685790526566e+01 4.508686122321329745e-03 9.901469186946726397e-01 5.333376479705927674e-03 8.863362589941039469e-06 2.155340699886094159e-06
4.563042028018679019e+01 1.365479300714651789e-02 9.814231406476169317e-01 4.902917635191845862e-03 1.664063113468293052e-05 2.508078900206335403e-06
4.583055370246830762e+01 6.964598436278461938e-03 9.881170807669080736e-01 4.898611398702475313e-03 1.721466444031683805e-05 2.494733660737783208e-06
4.603068712474983215e+01 9.268260602639157714e-03 9.846565219842221550e-01 6.061027085779616998e-03 1.180256976188023513e-05 2.387757588379423459e-06
4.623082054703134958e+01 1.240720779157356707e-02 9.823352430947226432e-01 5.241150432573799672e-03 1.367013169157783875e-05 2.728549428967519097e-06
4.643095396931287411e+01 5.228539516150084408e-03 9.895872854599189195e-01 5.160745402774088823e-03 2.038275161611403238e-05 3.046869530705261027e-06
4.663108739159439153e+01 1.396903421607238911e-02 9.797245627210826591e-01 6.290717549690448898e-03 1.315833297018471738e-05 2.527180173856155169e-06
4.683122081387591606e+01 6.680355527057496405e-03 9.882516436441047825e-01 5.055279446309016850e-03 1.003102951175069839e-05 2.690353006438759783e-06
4.703135423615743349e+01 9.933847802586990780e-03 9.850592593890623583e-01 4.981598774910546597e-03 2.223899343001158583e-05 3.055040000857433895e-06
4.723148765843895802e+01 1.151753751667130253e-02 9.824635437382043257e-01 6.003870040459532119e-03 1.272689731171330185e-05 2.321807344010760187e-06
4.743162108072047545e+01 5.386389935508411296e-03 9.902418920839370919e-01 4.363332561189460501e-03 5.906880931418721109e-06 2.478538425471430178e-06
4.763175450300199998e+01 1.349360934815553928e-02 9.820293391588840182e-01 4.451606712788656536e-03 2.274258947169937835e-05 2.702190691844048371e-06
4.783188792528351740e+01 5.693827347231435708e-03 9.890275349012334072e-01 5.265190142068085916e-03 1.075536825770934850e-05 2.692241201814035179e-06
4.803202134756504194e+01 1.005634450317710767e-02 9.865409695093838582e-01 3.396630035647253253e-03 2.662630201076913452e-06 3.393321583181843812e-06
4.823215476984655936e+01 9.987995525354006338e-03 9.862007067626514800e-01 3.785013608325424588e-03 2.234090018909343239e-05 3.943203472814370186e-06
4.843228819212808389e+01 5.198889943012445850e-03 9.905216492569165476e-01 4.265907083180111442e-03 8.699233576016524242e-06 4.854483307377085908e-06
4.863242161440960132e+01 1.268875220713093846e-02 9.847874411466148725e-01 2.517135155387839954e-03 1.296349628561539022e-06 5.375141229374178452e-06
4.883255503669112585e+01 4.506235041706321484e-03 9.922781921707747310e-01 3.188871604723715787e-03 2.119097189644827500e-05 5.510210890326599492e-06
4.903268845897264328e+01 1.019364233607384339e-02 9.864268958568438439e-01 3.364583734909569815e-03 8.932557230976249411e-06 5.945514933578865639e-06
4.923282188125416781e+01 8.563927531317353653e-03 9.893864039968924828e-01 2.043062950314946963e-03 1.253737561444421613e-06 5.351783905382561273e-06
4.943295530353568523e+01 5.284749344474352732e-03 9.918324464136026863e-01 2.859361768388704594e-03 1.879120324795718471e-05 4.651270277563924372e-06
4.963308872581720976e+01 1.228990427955220684e-02 9.847874251729417105e-01 2.905380053889058522e-03 1.237182753430530456e-05 4.918666074315787842e-06
4.983322214809872719e+01 3.863382265844324259e-03 9.939653086919030267e-01 2.165416913372732784e-03 1.569297202659764092e-06 4.322831668321219914e-06
5.003335557038025172e+01 1.093709585079769356e-02 9.860894645093325472e-01 2.954398470021612783e-03 1.498608939735674566e-05 4.055080441761429286e-06
5.023348899266176915e+01 7.941144711372929987e-03 9.889674592123013364e-01 3.067959705057824501e-03 1.801828701955691099e-05 5.418084239448551332e-06
5.043362241494329368e+01 6.090043138757852276e-03 9.910061954665608797e-01 2.896719844050875924e-03 2.081963387479502381e-06 4.959587234079989538e-06
5.063375583722481110e+01 1.271333633990240873e-02 9.837768762687960633e-01 3.494142878681690770e-03 1.064975968332023230e-05 4.994752927242564869e-06
5.083388925950633563e+01 4.158645156688224771e-03 9.919567853593284079e-01 3.853251913589785665e-03 2.492890585871160186e-05 6.388664525268413184e-06
5.103402268178785306e+01 1.229822271259046161e-02 9.836468236320727865e-01 4.046859961044727179e-03 3.207824923061836692e-06 4.885869359032128396e-06
5.123415610406937759e+01 8.222731029291021482e-03 9.874186123908396118e-01 4.346841067762140243e-03 7.472989906363526933e-06 4.342522190982630806e-06
5.143428952635090212e+01 7.506458595058888156e-03 9.874108500779937847e-01 5.045385842302043539e-03 3.239943331235511931e-05 4.906051323109139404e-06
5.163442294863241955e+01 1.358297769504392474e-02 9.811012125415273788e-01 5.307338766166329151e-03 5.253664297344515158e-06 3.217332955479619592e-06
5.183455637091394408e+01 5.097188687895911133e-03 9.896232375930437142e-01 5.270038698881087877e-03 6.803298926380071586e-06 2.731721243098606614e-06
5.203468979319546150e+01 1.368424892696092597e-02 9.799955313754246111e-01 6.278356672728202699e-03 3.859995871278000204e-05 3.263066163742443344e-06
5.223482321547698604e+01 8.756170710676920710e-03 9.849051091733239671e-01 6.328697870000271793e-03 7.713917857927643206e-06 2.308328130835975108e-06
5.243495663775850346e+01 8.913882097153370127e-03 9.851128858115574261e-01 5.962806307268715862e-03 8.076167790867909039e-06 2.349616220227701824e-06
5.263509006004002799e+01 1.402257300029007003e-02 9.787068063122720263e-01 7.225856182892433088e-03 4.147833626621226120e-05 3.286168269582607861e-06
5.283522348232154542e+01 5.908841905711921874e-03 9.873137605494218816e-01 6.765679780534248483e-03 9.313798316037293074e-06 2.403966006484508685e-06
5.303535690460306995e+01 1.436624220163013228e-02 9.794103202081844151e-01 6.211133483517330967e-03 9.449594512292867269e-06 2.854512146971198830e-06
