0.000000000000000000e+00 0.000000000000000000e+00 1.000000000000000000e+00 0.000000000000000000e+00 0.000000000000000000e+00 0.000000000000000000e+00
1.334222815210140134e-01 1.022560522893847627e-02 9.884463600162451957e-01 1.317448152358123223e-03 9.884292725873106462e-06 7.023097318577956363e-07
2.668445630420280268e-01 4.213251589450916351e-03 9.956204020391896670e-01 1.638440588244207969e-04 2.179155021367539485e-06 3.231575133378434002e-07
4.002668445630420679e-01 3.573559635435637725e-03 9.953814962624040197e-01 1.032840515742216875e-03 1.175003371403782368e-05 3.535527045100920828e-07
5.336891260840560536e-01 1.061543556723661651e-02 9.888068462884497256e-01 5.699998800857984703e-04 6.800315918554761123e-06 9.179483096213151223e-07
6.671114076050700392e-01 7.286787703082776868e-05 9.993327401120178921e-01 5.835101338454846921e-04 1.083102728823541929e-05 5.084981734746065071e-08
8.005336891260841359e-01 9.793329329140643483e-03 9.891706438952082570e-01 1.026294851379829561e-03 8.633362044469035349e-06 1.098562226591966273e-06
9.339559706470981215e-01 4.884586450056987127e-03 9.949317892579534472e-01 1.766533271754037982e-04 6.824981800230059155e-06 1.459830140180790601e-07
1.067378252168112107e+00 2.988848155687628266e-03 9.956755678340792892e-01 1.326894404577626512e-03 8.027195554092307698e-06 6.624101012797873797e-07
1.200800533689126093e+00 1.093107596226002530e-02 9.890586436252564173e-01 7.923613382479389609e-06 1.798937238817080830e-06 5.578618622901647136e-07
1.334222815210140078e+00 2.241520384396286278e-04 9.984330877694569395e-01 1.333961366617776329e-03 8.684369035304168507e-06 1.144564501811281164e-07
1.467645096731154064e+00 9.319305792661271640e-03 9.905190281143205766e-01 1.602231291255233169e-04 5.982566323869150914e-07 8.447072601608545328e-07
1.601067378252168272e+00 5.564001548725687127e-03 9.933798628498297090e-01 1.044985877001116054e-03 1.107994419607567161e-05 6.978024753681604020e-08
1.734489659773182257e+00 2.451372408854036837e-03 9.969769148736453701e-01 5.677354553260304448e-04 3.292401963217073840e-06 6.848602116251223627e-07
1.867911941294196243e+00 1.116028097534917628e-02 9.882289416596941045e-01 5.964164407503123357e-04 1.380070125295227568e-05 5.602229536433885331e-07
2.001334222815210229e+00 4.520509951872107531e-04 9.985037901930354787e-01 1.037939058910493980e-03 5.972786092222726216e-06 2.469667745871738183e-07
2.134756504336224214e+00 8.793707734524279507e-03 9.910025843971392856e-01 1.911305781012399689e-04 1.155917659963372097e-05 1.018113636089016344e-06
2.268178785857238200e+00 6.248867525064362612e-03 9.924011671707643201e-01 1.343282416874659038e-03 6.664113099006282067e-06 1.877419819312523266e-08
2.401601067378252186e+00 1.968015447593176540e-03 9.980094876367083812e-01 1.613717704883908187e-05 5.425480374367729336e-06 9.342582756938613775e-07
2.535023348899266171e+00 1.131402942932463115e-02 9.873320661073499149e-01 1.347382203558529458e-03 6.247213744012585186e-06 2.750460240019452585e-07
2.668445630420280157e+00 7.502301546520063211e-04 9.990837352863785048e-01 1.643838443123088846e-04 1.232168221511779908e-06 4.185464365257087103e-07
2.801867911941294143e+00 8.218851973302574929e-03 9.907123648500060220e-01 1.058748846408768575e-03 9.281183430904319054e-06 7.531468524955312743e-07
2.935290193462308128e+00 6.927554327504851193e-03 9.925001937726749546e-01 5.709298679263503321e-04 1.284884545036590048e-06 3.714734969841251038e-08
3.068712474983322114e+00 1.536206364876948130e-03 9.978418208429816749e-01 6.075093557018206459e-04 1.353944888722730755e-05 9.239875525026654734e-07
3.202134756504336544e+00 1.140019025168071028e-02 9.875554778829839231e-01 1.039858221441694900e-03 4.300719694249595028e-06 1.729241998211546095e-07
3.335557038025350529e+00 1.112311030332558456e-03 9.986745489069188686e-01 1.982108651275908098e-04 1.433896343417003379e-05 5.902341872700814380e-07
3.468979319546364515e+00 7.612758012957430986e-03 9.910298566572808276e-01 1.351276739686192068e-03 5.484615673239587895e-06 6.239744031811732325e-07
3.602401601067378500e+00 7.576663963028605620e-03 9.923886362500988767e-01 2.396696871367229740e-05 1.060747496762894315e-05 1.253431920563101360e-07
3.735823882588392486e+00 1.161598537251934144e-03 9.974720350292362037e-01 1.360025760727617784e-03 5.477517247439224761e-06 8.631555378459021762e-07
3.869246164109406472e+00 1.141402951857049472e-02 9.884138082532407665e-01 1.680977965381137338e-04 3.990437843010205160e-06 7.399380899790871804e-08
4.002668445630420457e+00 1.537464101352057494e-03 9.973916568670060379e-01 1.063117198904396351e-03 7.127670123405656468e-06 6.341626152321017632e-07
4.136090727151434443e+00 6.994785316245858385e-03 9.924361513560422399e-01 5.677688165806910481e-04 7.678193630594312409e-07 5.266917687857044476e-07
4.269513008672448429e+00 8.189199177953850745e-03 9.911919674326775676e-01 6.072423802367167035e-04 1.138649758933746618e-05 2.045115435005782425e-07
4.402935290193462414e+00 8.532979595281457805e-04 9.981051350573230119e-01 1.038878638709787557e-03 1.701891023415216510e-06 9.864534164423684616e-07
4.536357571714476400e+00 1.133797421555802175e-02 9.884407920252771262e-01 2.052415440403781727e-04 1.594307294132589156e-05 4.914218386145379536e-08
4.669779853235490386e+00 2.023691170459364710e-03 9.966200097678589165e-01 1.351898186538487596e-03 3.472809874844077702e-06 9.280652695309006262e-07
4.803202134756504371e+00 6.366954915244692724e-03 9.935840869749588133e-01 3.416738077530421809e-05 1.446276423905466774e-05 3.279647834076307074e-07
4.936624416277518357e+00 8.768699419783502688e-03 9.898695751502755158e-01 1.357323007759258420e-03 3.992564396473102335e-06 4.098577865328123718e-07
5.070046697798532342e+00 6.189550927318439311e-04 9.991985712615484294e-01 1.732955561903975171e-04 8.454233938727790572e-06 7.238555923118885648e-07
5.203468979319546328e+00 1.117748995812946518e-02 9.877524857256376745e-01 1.065528657451320213e-03 4.460911713173964858e-06 3.474706984425377149e-08
5.336891260840560314e+00 2.561747239190947066e-03 9.968703175533256688e-01 5.641288602748447453e-04 3.002027942627342824e-06 8.043192677664542594e-07
5.470313542361574299e+00 5.727685987153376991e-03 9.936444887345484700e-01 6.188461865600990109e-04 8.713458529417334301e-06 2.656332105454349826e-07
5.603735823882588285e+00 9.317652964301923954e-03 9.896568384562162146e-01 1.024070023958925744e-03 9.535145970215530372e-07 4.850409280278145889e-07
5.737158105403602271e+00 4.582162859262857999e-04 9.993074739080417546e-01 2.194200095833867743e-04 1.401994489612375959e-05 8.698515545810718506e-07
5.870580386924616256e+00 1.094909910661736804e-02 9.877094761138976997e-01 1.339381771234657249e-03 1.928154719100091113e-06 1.148535333890454527e-07
6.004002668445630242e+00 3.137397029009965106e-03 9.967973428214070841e-01 4.772127633340751728e-05 1.636452613946783052e-05 1.174347112545187181e-06
6.137424949966644228e+00 5.087243330405137251e-03 9.935455174006488921e-01 1.365142605917300887e-03 1.999591807829200274e-06 9.707122304852565506e-08
6.270847231487658213e+00 9.817101155822906614e-03 9.899897415176979187e-01 1.789573069546496469e-04 1.336497913909835553e-05 8.350403875224247417e-07
6.404269513008673087e+00 3.715595935447729941e-04 9.985388221099905648e-01 1.087116295713865021e-03 2.053031604648274922e-06 4.489691487480583212e-07
6.537691794529687073e+00 1.066689265831602916e-02 9.887722732464705455e-01 5.537504606716840564e-04 6.847165072475890842e-06 2.364694714995686364e-07
6.671114076050701058e+00 3.745027823893767177e-03 9.956101707230821107e-01 6.394955589584174361e-04 4.519654513646695853e-06 7.862395545755887471e-07
6.804536357571715044e+00 4.465894816675516042e-03 9.945211128416309165e-01 1.009713571844397979e-03 3.226235348456055696e-06 5.253450256397265517e-08
6.937958639092729030e+00 1.025027399203203016e-02 9.895010715179022309e-01 2.374502808843747311e-04 1.046449302297321103e-05 7.397161596689105465e-07
7.071380920613743015e+00 3.610116981396988326e-04 9.982981602681045841e-01 1.337761372245065963e-03 2.599230239527332784e-06 4.674312728147113934e-07
7.204803202134757001e+00 1.032031207216754266e-02 9.896026799227640725e-01 6.062850016445945353e-05 1.601872918779339008e-05 3.607757181786905571e-07
7.338225483655770987e+00 4.383038157638175641e-03 9.942370902507753350e-01 1.376436878996779422e-03 2.451281946510879540e-06 9.834306450483599393e-07
7.471647765176784972e+00 3.875627999073230374e-03 9.959255636924133626e-01 1.833212525332660427e-04 1.541219201140749012e-05 7.486397018291034430e-08
7.605070046697798958e+00 1.061498753682233245e-02 9.882740062292881822e-01 1.108725650260078063e-03 1.273088924832440463e-06 1.007494705786667925e-06
7.738492328218812943e+00 4.270320505196699770e-04 9.990082658920345082e-01 5.535592083483092170e-04 1.093445021495525762e-05 2.083988840075714041e-07
7.871914609739826929e+00 9.905343257607043816e-03 9.894262383390433069e-01 6.666625891929282193e-04 1.233470842546212614e-06 5.223433164072395335e-07
8.005336891260840915e+00 5.044670278700814393e-03 9.939430143916099247e-01 1.005379117116465652e-03 6.316270718653566244e-06 6.199418560475339940e-07
8.138759172781854900e+00 3.316140512750159579e-03 9.964218404241077520e-01 2.562896340846996081e-04 5.643301492722184256e-06 8.612756645239399996e-08
8.272181454302868886e+00 1.092219440773611536e-02 9.877401179317348845e-01 1.332208628499101594e-03 4.630450919886121308e-06 8.485811117084189693e-07
8.405603735823882872e+00 5.664065637460033139e-04 9.993538900923913948e-01 6.790500675188786161e-05 1.162280692484355846e-05 1.755301883552028209e-07
8.539026017344896857e+00 9.431285077692745655e-03 9.891789923072967783e-01 1.384254418926113544e-03 4.841091381249364892e-06 6.271047056036785995e-07
8.672448298865910843e+00 5.709474034030807658e-03 9.940875933451908120e-01 1.869443798520576089e-04 1.532447690163844721e-05 6.637640270356054062e-07
8.805870580386924829e+00 2.789352079847502892e-03 9.960770892766993567e-01 1.130350635914128665e-03 3.002916124726114885e-06 2.050914163691367402e-07
8.939292861907938814e+00 1.116715594174238872e-02 9.882652648002424600e-01 5.534183329809210135e-04 1.316706027317489186e-05 9.938647633720699158e-07
9.072715143428952800e+00 7.767642088244372262e-04 9.985382625845989901e-01 6.839344605259776782e-04 9.563674043919441541e-07 8.237864926152726894e-08
9.206137424949966785e+00 8.921933622914162906e-03 9.900665198972702363e-01 1.002777303948685066e-03 7.962444566244739451e-06 8.067313037615657215e-07
9.339559706470980771e+00 6.364207684788905466e-03 9.933703129985573810e-01 2.632229747553161987e-04 1.814562190225513861e-06 4.417797116276503947e-07
9.472981987991994757e+00 2.306844309590160968e-03 9.963526023688461519e-01 1.334466546144266394e-03 5.763191865170672660e-06 3.235835577971725401e-07
9.606404269513008742e+00 1.133321298867347691e-02 9.885880434283840223e-01 7.049876001924986109e-05 7.326750560159307526e-06 9.180723663720675546e-07
9.739826551034022728e+00 1.058855150519714136e-03 9.975474741895244968e-01 1.387999372581898714e-03 5.601885240943798337e-06 6.940213664207678737e-08
9.873248832555036714e+00 8.381570930739979525e-03 9.914155223543832385e-01 1.889262789185510566e-04 1.299807202194770806e-05 9.823639400828751481e-07
1.000667111407605070e+01 7.006699075971174577e-03 9.918561180102956065e-01 1.131649027059282095e-03 5.236606226167130088e-06 2.972804515232510237e-07
1.014009339559706468e+01 1.882649038743011531e-03 9.975439492588284995e-01 5.593046050156832202e-04 1.354315475780171444e-05 5.539426585471631167e-07
1.027351567711807867e+01 1.141090252927613215e-02 9.878957365588814099e-01 6.899197524965357785e-04 2.702439126163751378e-06 7.387202230324319403e-07
1.040693795863909266e+01 1.409478639236718279e-03 9.975710680694962473e-01 1.008686208944177022e-03 1.064925438614019006e-05 1.178279400656200084e-07
1.054036024016010664e+01 7.808196171890764530e-03 9.919162233665085315e-01 2.740033642584234312e-04 6.666403698028854918e-07 9.104569759201591014e-07
1.067378252168112063e+01 7.641988195812875195e-03 9.910219956026552479e-01 1.328668467618928251e-03 7.161187632055160655e-06 1.865462844447059883e-07
1.080720480320213461e+01 1.521550292474051691e-03 9.983935765850407984e-01 8.103369400579598216e-05 3.201812305350439181e-06 6.376161784025794808e-07
1.094062708472314860e+01 1.141355698560523463e-02 9.872013575725940848e-01 1.377625601335847813e-03 6.755636975707289598e-06 7.042034934745273763e-07
1.107404936624416258e+01 1.821071898192121652e-03 9.979683713201791262e-01 2.017870126325545460e-04 8.548427247510777407e-06 2.213417531435728539e-07
1.120747164776517657e+01 7.202690769239719973e-03 9.916532703125475745e-01 1.135583529803586324e-03 7.371993701090381609e-06 1.083394713559296767e-06
1.134089392928619056e+01 8.256589918733061792e-03 9.911597747993210472e-01 5.707156702051680150e-04 1.281737663437928106e-05 1.022351116798623735e-07
1.147431621080720454e+01 1.223892465183209956e-03 9.980617596107436151e-01 7.086002840059721537e-04 4.864979043396127141e-06 8.826610285585981256e-07
1.160773849232821853e+01 1.135465464598135396e-02 9.876222559174866467e-01 1.010676455831788396e-03 1.202261631297760623e-05 3.903643921125624796e-07
1.174116077384923251e+01 2.285875595603325920e-03 9.974144569512718439e-01 2.979406610845053991e-04 1.394493764163861049e-06 3.322982814401395372e-07
1.187458305537024650e+01 6.586820994874008003e-03 9.920754140030152435e-01 1.327640459453379145e-03 9.372943008071789244e-06 7.515996542769623525e-07
1.200800533689126048e+01 8.832502470360520386e-03 9.910620655182902361e-01 1.049899810698767257e-04 3.674654378199161525e-07 7.456484603023721361e-08
1.214142761841227447e+01 9.925530568180161890e-04 9.976148688505021012e-01 1.382726037538810739e-03 9.072538568230758982e-06 7.795165766812272026e-07
1.227484989993328846e+01 1.123023210689298897e-02 9.885459477182002574e-01 2.194195073792260572e-04 3.982891196302276680e-06 4.177763353054670460e-07
1.240827218145430244e+01 2.802890753085077093e-03 9.960384634426956429e-01 1.148637752101589436e-03 9.564420925422296592e-06 4.436311963961938974e-07
1.254169446297531643e+01 5.975607537559368514e-03 9.934318231035825786e-01 5.831624426612055673e-04 8.438611023449936962e-06 9.683051772969015066e-07
1.267511674449633041e+01 9.357854667410197072e-03 9.898987819608003891e-01 7.344416243338037966e-04 8.799652378440148438e-06 1.220950813818325117e-07
1.280853902601734617e+01 8.333629452596882665e-04 9.981298624000952691e-01 1.025691930459472724e-03 9.991159801010257065e-06 1.091564388924890996e-06
1.294196130753836016e+01 1.102661856766679917e-02 9.886347043721697148e-01 3.338594925755163350e-04 4.633112505049385933e-06 1.844550880155461991e-07
1.307538358905937415e+01 3.367294573344313709e-03 9.952810875041550043e-01 1.341546964791822489e-03 9.417754345214709029e-06 6.532033683646962699e-07
1.320880587058038813e+01 5.373425743923002443e-03 9.944913676223436916e-01 1.340336913715855875e-04 5.986047863824214761e-07 5.743375800959422599e-07
1.334222815210140212e+01 9.840320358261198108e-03 9.887576648302695004e-01 1.393010670960290014e-03 8.845920077078443897e-06 1.582204362456969842e-07
1.347565043362241610e+01 7.475011389065029698e-04 9.990158410129569289e-01 2.349700951838157260e-04 8.230358150416265899e-07 8.647171420562393735e-07
1.360907271514343009e+01 1.074558902334123156e-02 9.880756581712218933e-01 1.167555072043628683e-03 1.103336405138767452e-05 1.643693471632708903e-07
1.374249499666444407e+01 3.965574064658790830e-03 9.954376719923695438e-01 5.917273797320805320e-04 4.290286609376047317e-06 7.362766351314680851e-07
1.387591727818545806e+01 4.775216770771946798e-03 9.944475968400560140e-01 7.644403668361718102e-04 1.209650820499578871e-05 6.495141353317648211e-07
1.400933955970647204e+01 1.027675204418848978e-02 9.886841246976323383e-01 1.031292331479286787e-03 7.498486346048848065e-06 3.324403580382756248e-07
1.414276184122748603e+01 7.323666587933577851e-04 9.988974859381800631e-01 3.601788473525806321e-04 8.908540441057808280e-06 1.060015237179693082e-06
1.427618412274850002e+01 1.040536951057323758e-02 9.882356231838687055e-01 1.351573209731529680e-03 7.325458325347385910e-06 1.086375058696147008e-07
1.440960640426951400e+01 4.579676127024050539e-03 9.952686074354964996e-01 1.468651184746436536e-04 3.898783731118653444e-06 9.525352783995188144e-07
1.454302868579052799e+01 4.191040268812183493e-03 9.943891556912591856e-01 1.412124764594019670e-03 7.351484482360980112e-06 3.277908569758789212e-07
1.467645096731154197e+01 1.065286385756992332e-02 9.891137032345854729e-01 2.323517915403897907e-04 6.199070831837346317e-07 4.612092251572325883e-07
1.480987324883255596e+01 7.869268409197284573e-04 9.980188750178630164e-01 1.183707637472540888e-03 9.733116007812268360e-06 7.573877400233576105e-07
1.494329553035356994e+01 1.001681265728509261e-02 9.894012279747683714e-01 5.797372760337655972e-04 2.098976707630989185e-06 1.231152081424046493e-07
1.507671781187458393e+01 5.203501216292109356e-03 9.940140874288145856e-01 7.687236759776308777e-04 1.276178608924216183e-05 9.258928292248418581e-07
1.521014009339559792e+01 3.636547468722491766e-03 9.953312735700576841e-01 1.026875854588531244e-03 5.025633748278666879e-06 2.774728851894253055e-07
1.534356237491661190e+01 1.094844062611226472e-02 9.886792845001268759e-01 3.582399018595771949e-04 1.339324944091812498e-05 6.417224623570275527e-07
1.547698465643762589e+01 9.123546267556846643e-04 9.977227507894161906e-01 1.357882048774280113e-03 6.294111115849337081e-06 7.184239398242823754e-07
1.561040693795863987e+01 9.575842259584702032e-03 9.902756058893078528e-01 1.398922695681900847e-04 8.431537794684876283e-06 2.280437463588222202e-07
1.574382921947965386e+01 5.838643684370179582e-03 9.927412534358202034e-01 1.413081693162100694e-03 6.066522449936540480e-06 9.546641999578023957e-07
1.587725150100066784e+01 3.125074729309272516e-03 9.966526044512267202e-01 2.194559018311527702e-04 2.687842028070979995e-06 1.770756072083999305e-07
1.601067378252168183e+01 1.116977525431081357e-02 9.876473355087058703e-01 1.175032172043553131e-03 7.120865380548846083e-06 7.361995612776607191e-07
1.614409606404269582e+01 1.108170815945049925e-03 9.983229534478037515e-01 5.673945648846969976e-04 9.003491752428451505e-07 5.808221929642041195e-07
1.627751834556370980e+01 9.078630783344816824e-03 9.901500693348254112e-01 7.591903745572091151e-04 1.179816490051220518e-05 3.113423741456018035e-07
1.641094062708472379e+01 6.481158953712785713e-03 9.924991353344688738e-01 1.015869180069961302e-03 2.833878702364616891e-06 1.002653048269042745e-06
1.654436290860573777e+01 2.658032958768174504e-03 9.969763708269484548e-01 3.507967723995222245e-04 1.465614398320822796e-05 1.432979034053506966e-07
1.667778519012675176e+01 1.132837358690856437e-02 9.873184700275108305e-01 1.347132589703758064e-03 5.070238694874440536e-06 9.535571844961109815e-07
1.681120747164776574e+01 1.371300612187599868e-03 9.984797295047564969e-01 1.361086700541651122e-04 1.244970851734655408e-05 4.115044871149231239e-07
1.694462975316877973e+01 8.541646213048641190e-03 9.900442045798526491e-01 1.408934393257885598e-03 4.735057402299654047e-06 4.797564415544615300e-07
1.707805203468979371e+01 7.114450095407053379e-03 9.926591739279450044e-01 2.188749867783707989e-04 6.673673364772812205e-06 8.273165082391737928e-07
1.721147431621080770e+01 2.240865079586653978e-03 9.965769886880588846e-01 1.176518734108971190e-03 5.484449193295295587e-06 1.430490552840887231e-07
1.734489659773182169e+01 1.142953839094087466e-02 9.880049125457017745e-01 5.631106494740333859e-04 1.499896438636672977e-06 9.385174473273554363e-07
1.747831887925283567e+01 1.702274550795377121e-03 9.975265566472462098e-01 7.616688141153361933e-04 9.130495892537049383e-06 3.694919538267435426e-07
1.761174116077384966e+01 7.986540061803777679e-03 9.910001616715575778e-01 1.011561065545427823e-03 1.115056826560358889e-06 6.221442699032846289e-07
1.774516344229486364e+01 7.726100669745611035e-03 9.918967873514800138e-01 3.620869029175784485e-04 1.409624313936969656e-05 9.288327203201488144e-07
1.787858572381587763e+01 1.883329295927895462e-03 9.967591474768668913e-01 1.354725792190125981e-03 2.574901258804012375e-06 2.225337585616840065e-07
1.801200800533689161e+01 1.145619238936214368e-02 9.883664999613358537e-01 1.604223934676606781e-04 1.570497887743677753e-05 1.180276959139483150e-06
1.814543028685790560e+01 2.100916737974947192e-03 9.964686546503962461e-01 1.427046428025886609e-03 3.202797046626868058e-06 1.793865587521730938e-07
1.827885256837891959e+01 7.423075616835823204e-03 9.923196379308006909e-01 2.456618153425104583e-04 1.079607620364790739e-05 8.285608196558504730e-07
1.841227484989993357e+01 8.316532867905875384e-03 9.904784213909720858e-01 1.201114809339714259e-03 3.391439817851341550e-06 5.394919676971913999e-07
1.854569713142094756e+01 1.595591391520434499e-03 9.978140858997343043e-01 5.851551655309422152e-04 4.886767125690610125e-06 2.807760922532558783e-07
1.867911941294196154e+01 1.140396596112785987e-02 9.877903412507881287e-01 7.986308587895320438e-04 6.164045883965026626e-06 8.978834143985455058e-07
1.881254169446297553e+01 2.561363453072972897e-03 9.964071047512222945e-01 1.029417556416334367e-03 1.951164560462704275e-06 1.630747313861392387e-07
1.894596397598398951e+01 6.844996545766848274e-03 9.927310663848458727e-01 4.110104146835221774e-04 1.207477510938484711e-05 8.518795984315463987e-07
1.907938625750500350e+01 8.887663106865962767e-03 9.897367286672872355e-01 1.372988204816875599e-03 2.035083917450214321e-06 5.849371168181567099e-07
1.921280853902601748e+01 1.377327657924183471e-03 9.983949798420469479e-01 2.116781895433032822e-04 1.555805241988923938e-05 4.562580695339299915e-07
1.934623082054703147e+01 1.128039561426197497e-02 9.872556149884218479e-01 1.460553198076952044e-03 2.401575616709938621e-06 1.034623626756327531e-06
1.947965310206804546e+01 3.067490524706421948e-03 9.966275476202061112e-01 2.903405079735555685e-04 1.446249894520472014e-05 1.588481736627363255e-07
1.961307538358905944e+01 6.254003785259136527e-03 9.924855376784975647e-01 1.257945747135092839e-03 1.521461720604821135e-06 9.913273924057044156e-07
1.974649766511007343e+01 9.425102852807676346e-03 9.899512848319171887e-01 6.137806241645789307e-04 9.548431880523152484e-06 2.832592356051852821e-07
1.987991994663108741e+01 1.224688923157187231e-03 9.979100175182548105e-01 8.620711231794499912e-04 2.701984754574862725e-06 5.204506589531026312e-07
2.001334222815210140e+01 1.109993898650974559e-02 9.878509904149950227e-01 1.043397413717426364e-03 4.999276947700829190e-06 6.739078348486750878e-07
2.014676450967311538e+01 3.607733156772094558e-03 9.959225607072637043e-01 4.625787274946090979e-04 6.968500301637004772e-06 1.589081728783045545e-07
2.028018679119412937e+01 5.662405080064214502e-03 9.929396145053162037e-01 1.393096634611181448e-03 4.000942844760202837e-06 8.828371684848710736e-07
2.041360907271514336e+01 9.904556974865700442e-03 9.898346264311181919e-01 2.476417359321154824e-04 1.288664520122823764e-05 2.882128874457058269e-07
2.054703135423615734e+01 1.135652403942957224e-03 9.973626976268326061e-01 1.497383721109171641e-03 3.585153724342341337e-06 6.810943958975325496e-07
2.068045363575717133e+01 1.085408117282649076e-02 9.888196079703125418e-01 3.103532500567615670e-04 1.521618310549574818e-05 7.414237033920796037e-07
2.081387591727818531e+01 4.176285256814360643e-03 9.945236228351032048e-01 1.297453092939004644e-03 2.332595938874737911e-06 3.062192098042838705e-07
2.094729819879919930e+01 5.085068748215802563e-03 9.942799689060904944e-01 6.220487754851073813e-04 1.189634728430090330e-05 1.017222929153936204e-06
2.108072048032021328e+01 1.031614077842595359e-02 9.887916182827130029e-01 8.911177322391849488e-04 9.360609475292337291e-07 1.871456798109480738e-07
2.121414276184122727e+01 1.111390084140875551e-03 9.978326326791657763e-01 1.047467462783625500e-03 7.671429021949317331e-06 8.383448933881057214e-07
2.134756504336224125e+01 1.053322656274038698e-02 9.889875866583360819e-01 4.758127483848362434e-04 2.889379132973827351e-06 4.846514109318708357e-07
2.148098732488325524e+01 4.770827175872036606e-03 9.938332865110297565e-01 1.390378818229700631e-03 5.095609252533961171e-06 4.118856204630609060e-07
2.161440960640426923e+01 4.523226335870589136e-03 9.952247951079385979e-01 2.425473966128603590e-04 8.531342693411932162e-06 8.998168890592304838e-07
2.174783188792528321e+01 1.066701138785675941e-02 9.878408307035863034e-01 1.486882772328143847e-03 5.088628597375416171e-06 1.865076359216838843e-07
2.188125416944629720e+01 1.151554987671900808e-03 9.985393985082383628e-01 2.949244526738926844e-04 1.313024876833394524e-05 9.918026519193815866e-07
2.201467645096731118e+01 1.013990858811878761e-02 9.885671672604733340e-01 1.287950427475411134e-03 4.578784203109875925e-06 3.949397335187882504e-07
2.214809873248832517e+01 5.377160891056428915e-03 9.940055137897934046e-01 6.028431352415643003e-04 1.382531601270472513e-05 6.568679003488286394e-07
2.228152101400933915e+01 3.979570957760497629e-03 9.951384013934925221e-01 8.792490876147672453e-04 1.963341155041644598e-06 8.152199815921675104e-07
2.241494329553035314e+01 1.096402403765409615e-02 9.880063630865471014e-01 1.019630111753797291e-03 9.713454780278831511e-06 2.693092693360430265e-07
2.254836557705136713e+01 1.257212455728900320e-03 9.982895066420075514e-01 4.512105942899087997e-04 1.058301799498665404e-06 1.012006178511571875e-06
2.268178785857238111e+01 9.699733152433533123e-03 9.889378149823810915e-01 1.356090377624002931e-03 6.062262803000093411e-06 2.992247624541307503e-07
2.281521014009339510e+01 5.984294249862348938e-03 9.938001496164698967e-01 2.105343446907020747e-04 4.244543045390865845e-06 7.772459358739002231e-07
2.294863242161440908e+01 3.465263442014655023e-03 9.950734827791737347e-01 1.454503187018343739e-03 6.000399031540682044e-06 7.501927651512577910e-07
2.308205470313542307e+01 1.119652267942562035e-02 9.885272637973169241e-01 2.652779122388064818e-04 1.057598412144428354e-05 3.596268997174521784e-07
2.321547698465643705e+01 1.433089570376569130e-03 9.973030088473617827e-01 1.256728847266688591e-03 6.053981901530210720e-06 1.118753095349038971e-06
2.334889926617745104e+01 9.228259866779282838e-03 9.901792061227572272e-01 5.786528018444203180e-04 1.366299652251798455e-05 2.182120983927633082e-07
2.348232154769846503e+01 6.589409209117056201e-03 9.925536688401246366e-01 8.516843188702174616e-04 4.276053220422121991e-06 9.615786694524958541e-07
2.361574382921947901e+01 3.001342215521995808e-03 9.959854979745268455e-01 1.001112564790534835e-03 1.152962807360968096e-05 5.176170892644996704e-07
2.374916611074049300e+01 1.135556636419858025e-02 9.882061933707799728e-01 4.366402725454639200e-04 1.146828247972711937e-06 4.531642303350458488e-07
2.388258839226150698e+01 1.683586224005259591e-03 9.969707301479474593e-01 1.336297181716228398e-03 8.452684818678963998e-06 9.337615140958708991e-07
2.401601067378252097e+01 8.729157174626153357e-03 9.910597418144172499e-01 2.095464994872209958e-04 1.342274163893341961e-06 2.122373068504335941e-07
2.414943295530353495e+01 7.201809692554580512e-03 9.913591525797209592e-01 1.430850811624015612e-03 7.194536750623064741e-06 9.923793512761521940e-07
2.428285523682454894e+01 2.599239618871843245e-03 9.971191414030737832e-01 2.752338778891791566e-04 5.837847052436101094e-06 5.472531146046127532e-07
2.441627751834556292e+01 1.144649425518847255e-02 9.872964103341913544e-01 1.248181538111372852e-03 8.293590997689338225e-06 6.202815129631959706e-07
2.454969979986657691e+01 2.005897764214505889e-03 9.973845791621369639e-01 5.981348269894688242e-04 1.032175301062314479e-05 1.066493650868067656e-06
2.468312208138759090e+01 8.199638938563284796e-03 9.909165981644171284e-01 8.763991743980982128e-04 7.119017984166688418e-06 2.447046395179633543e-07
2.481654436290860488e+01 7.815070218164700197e-03 9.911509597717825804e-01 1.021315896804003307e-03 1.150866215042370679e-05 1.145451101170755542e-06
2.494996664442961887e+01 2.261631622075417278e-03 9.972476852225460320e-01 4.875214478505797921e-04 2.859088316355794753e-06 3.026192149458785690e-07
2.508338892595063285e+01 1.148530493537279658e-02 9.871501802496460698e-01 1.354538928790219397e-03 9.281671590067381544e-06 6.942146052551412487e-07
2.521681120747164684e+01 2.392175200146651713e-03 9.973374019308991478e-01 2.694762150808156179e-04 2.193155967569315316e-07 7.273382813551029572e-07
2.535023348899266082e+01 7.653054403140882068e-03 9.908753277371181722e-01 1.462538165301385850e-03 8.827726652919590532e-06 2.519677915612516339e-07
2.548365577051367481e+01 8.410971963762753356e-03 9.912533898154523015e-01 3.328569415105856670e-04 1.759485834924732461e-06 1.021793444997376047e-06
2.561707805203469235e+01 1.986322185239611845e-03 9.966972676427354738e-01 1.305714042508575356e-03 1.037166623274831089e-05 3.244632886639432263e-07
2.575050033355570633e+01 1.146881946681168468e-02 9.878747405948136162e-01 6.494298057599014878e-04 6.157234254734428445e-06 8.528983650156073421e-07
2.588392261507672032e+01 2.835352531014604868e-03 9.961988255986795604e-01 9.549339762605526909e-04 1.009488921576900772e-05 7.930048341041936613e-07
2.601734489659773431e+01 7.102757985345748912e-03 9.918136346034861495e-01 1.074808292296962472e-03 8.374719706234920946e-06 4.243991692896418228e-07
2.615076717811874829e+01 8.967386262841291200e-03 9.904501445575173424e-01 5.744609846868455700e-04 6.906086433048628221e-06 1.102108525407133066e-06
2.628418945963976228e+01 1.774808255545207722e-03 9.967965269940225470e-01 1.420072000807841078e-03 8.367526412673237482e-06 2.252232162336261597e-07
2.641761174116077626e+01 1.137994020472204298e-02 9.882687667239165030e-01 3.482870569943118523e-04 2.086840374497430472e-06 9.191739976957862527e-07
2.655103402268179025e+01 3.328790845241409724e-03 9.951283866284859059e-01 1.533749955132655742e-03 8.617217405227860951e-06 4.553537399250724437e-07
2.668445630420280423e+01 6.551507510743052702e-03 9.930561312698815701e-01 3.914336185215913167e-04 4.619092129536991563e-07 4.656916466831536961e-07
2.681787858572381822e+01 9.481735161750362920e-03 9.891330934103956807e-01 1.374094863170343761e-03 1.024473671676860122e-05 8.318279728149856212e-07
2.695130086724483220e+01 1.625221325091263415e-03 9.976772033431658970e-01 6.947205887171262802e-04 2.630788118380766049e-06 2.239549129932863355e-07
2.708472314876584619e+01 1.120453570921741727e-02 9.877605377183477087e-01 1.021406191193365487e-03 1.257919906451425126e-05 9.411821824970695741e-07
2.721814543028686018e+01 3.858126095784029930e-03 9.950180115815654425e-01 1.117650503376553094e-03 5.810597185423359095e-06 4.012220942680489905e-07
2.735156771180787416e+01 5.989167699748150150e-03 9.933679404593144247e-01 6.312324496696290234e-04 1.098291245997574712e-05 6.764788131377024791e-07
2.748498999332888815e+01 9.951453802312104635e-03 9.885816810325160908e-01 1.458832231843599407e-03 7.260251437917767494e-06 7.726818960262241433e-07
2.761841227484990213e+01 1.532937809405615723e-03 9.980803540149412179e-01 3.802342062231576017e-04 6.136646693439165947e-06 3.373227424717707755e-07
2.775183455637091612e+01 1.095445254418279425e-02 9.874706478627689465e-01 1.567159875662639231e-03 6.791853654727380173e-06 9.478637368717770215e-07
2.788525683789193010e+01 4.405277330685963832e-03 9.951960975237190699e-01 3.963839264233919826e-04 1.951352913151237566e-06 2.898662645206810932e-07
2.801867911941294409e+01 5.417055429111685902e-03 9.931752119534204004e-01 1.398575566538476497e-03 8.399841915614102413e-06 7.572090193958353613e-07
2.815210140093395808e+01 1.036697718535092676e-02 9.889511835483827396e-01 6.800061065826451968e-04 1.228791310951640055e-06 6.043683777266015317e-07
2.828552368245497206e+01 1.494955967957083045e-03 9.974714001161619770e-01 1.021900331179903011e-03 1.133943013994308603e-05 4.041545668932231582e-07
2.841894596397598605e+01 1.064318089728261314e-02 9.882562577313153129e-01 1.095598639831802919e-03 3.994910950985097393e-06 9.678206258586297126e-07
2.855236824549700003e+01 4.959927277288098992e-03 9.944238819489183978e-01 6.028840089190252776e-04 1.305260470548406726e-05 2.541601747276845128e-07
2.868579052701801402e+01 4.851294005884717979e-03 9.937006428961431270e-01 1.441258577772487138e-03 5.817898690091354975e-06 9.866215152692336769e-07
2.881921280853902800e+01 1.070915220288720660e-02 9.889443627424432393e-01 3.350702883221776313e-04 1.092082570537682302e-05 4.939406475598441028e-07
2.895263509006004199e+01 1.515808617760814074e-03 9.969346022310801025e-01 1.543055189040492235e-03 5.901877393528262081e-06 6.320847304455440270e-07
2.908605737158105597e+01 1.027727512147789436e-02 9.893731885605699938e-01 3.437221863140665240e-04 4.903666687404246602e-06 9.104649559393453930e-07
2.921947965310206996e+01 5.527688653825897289e-03 9.931179477541658418e-01 1.348069377819151966e-03 5.982707886693809276e-06 3.115063080056738130e-07
2.935290193462308395e+01 4.312958798691855257e-03 9.950580401598315694e-01 6.267916534922442825e-04 1.129651151142647654e-06 1.079736838342117690e-06
2.948632421614409793e+01 1.098039343331604425e-02 9.880576735483738160e-01 9.524749880984287364e-04 9.006042680624207024e-06 4.519875361024047694e-07
2.961974649766511192e+01 1.602757793326817877e-03 9.973492352689592444e-01 1.045565788922300570e-03 1.629621182468749942e-06 8.115276137672754630e-07
2.975316877918612590e+01 9.853698593187082064e-03 9.895939148293628751e-01 5.375592310918911277e-04 1.387603649701334876e-05 9.513098653217908870e-07
2.988659106070713989e+01 6.113516589299458452e-03 9.924953759605059656e-01 1.386676740888156262e-03 4.039290552457332621e-06 3.914187581013449393e-07
3.002001334222815387e+01 3.813653748990018626e-03 9.958855565680222455e-01 2.855430719305742087e-04 1.400461071083375636e-05 1.242000350723463681e-06
3.015343562374916786e+01 1.119660923617451544e-02 9.873149554090651092e-01 1.483393271442403879e-03 4.725612627201532301e-06 3.164706951425755047e-07
3.028685790527018185e+01 1.760910688571446685e-03 9.979192164455891190e-01 3.097303410802583067e-04 9.175728458158092539e-06 9.667963059498970965e-07
3.042028018679119583e+01 9.388760554052145643e-03 9.893085543242191582e-01 1.297741513999795459e-03 4.234272745175668679e-06 7.093349881603526557e-07
3.055370246831220982e+01 6.712260725097787643e-03 9.926860419680250125e-01 5.978947377706466228e-04 3.354049482986775299e-06 4.485196279255482087e-07
3.068712474983322380e+01 3.362152694073575719e-03 9.957074432892474292e-01 9.221032195570376616e-04 7.158485284381827767e-06 1.142311843266772317e-06
3.082054703135423779e+01 1.137232990726367611e-02 9.876127431688559444e-01 1.013544428477550002e-03 1.053953394164874448e-06 3.285420150664800753e-07
3.095396931287525177e+01 1.994542472561222114e-03 9.974590885134895224e-01 5.328960530693422574e-04 1.236341049890369505e-05 1.109550387540933088e-06
3.108739159439626576e+01 8.905024526735970045e-03 9.897271605471105183e-01 1.364641736330860205e-03 2.419499771267470555e-06 7.536900574867626398e-07
3.122081387591727974e+01 7.310185230679694390e-03 9.923639019070815692e-01 3.094356218233248676e-04 1.583443808732878786e-05 6.428023342281293802e-07
3.135423615743829373e+01 2.969490857455736165e-03 9.955359009926287861e-01 1.490531775830423360e-03 2.880206120099099614e-06 1.196167971012639262e-06
3.148765843895930772e+01 1.149651666192112384e-02 9.881394512802602614e-01 3.503006658475237684e-04 1.343761377196464938e-05 2.937782043615143740e-07
3.162108072048032170e+01 2.305592922447945690e-03 9.963535070577167474e-01 1.337260100755139312e-03 2.526236275386928073e-06 1.113682810397180029e-06
3.175450300200133569e+01 8.418966582394781656e-03 9.909349013170436482e-01 6.385506526207532186e-04 7.123120441724476987e-06 4.583275039605500232e-07
3.188792528352234967e+01 7.903081759256132960e-03 9.911020990108185824e-01 9.902403240602101770e-04 3.960515082293349425e-06 6.183907875743929633e-07
3.202134756504336366e+01 2.645952805386943794e-03 9.962944845610287592e-01 1.055123550626563484e-03 3.526858103554265133e-06 9.122248594092333762e-07
3.215476984656437764e+01 1.155466168427714095e-02 9.878099684813599346e-01 6.259243793122188206e-04 9.147502479662131028e-06 2.979525766539275060e-07
3.228819212808539163e+01 2.689204640700364017e-03 9.958860422307453941e-01 1.420631121877618782e-03 3.027341210113682830e-06 1.094665471859905813e-06
3.242161440960640562e+01 7.921273669685478455e-03 9.916488415711887106e-01 4.151157626839697707e-04 1.428703288089766478e-05 4.819635667453928856e-07
3.255503669112741960e+01 8.487740185327446660e-03 9.899357380445491517e-01 1.572528628942547902e-03 3.187166044887646292e-06 8.059751417780028567e-07
3.268845897264843359e+01 2.390291105798894936e-03 9.971424097862271463e-01 4.521669049449303997e-04 1.423365221266040751e-05 8.985508224799509701e-07
3.282188125416944757e+01 1.154176752694187000e-02 9.870049125046560512e-01 1.450937568151629926e-03 1.978452618033571362e-06 4.039476379806925413e-07
3.295530353569046156e+01 3.127612823949708475e-03 9.961334667038703738e-01 7.271405285680860361e-04 1.072524726249474512e-05 1.054696354752419735e-06
3.308872581721147554e+01 7.402476638788214013e-03 9.914708598450866495e-01 1.124799264169942109e-03 1.526601238782715793e-06 3.376507229574251973e-07
3.322214809873248953e+01 9.051938107258794552e-03 9.898107178318931165e-01 1.129929711770542898e-03 6.606064226065908255e-06 8.082848583471906282e-07
3.335557038025350352e+01 2.191931907422661578e-03 9.970508417876404739e-01 7.519060345012860448e-04 4.675406428484972289e-06 6.448640140145229831e-07
3.348899266177451750e+01 1.146472414597674537e-02 9.870352992007299653e-01 1.494595335906946610e-03 4.939525254555308252e-06 4.417921385426519892e-07
3.362241494329553149e+01 3.601341033739668702e-03 9.958777055529994815e-01 5.104639982046876986e-04 9.528369960305242288e-06 9.610451027520556856e-07
3.375583722481654547e+01 6.861516058709328861e-03 9.914691048550204888e-01 1.664193903788000828e-03 4.867334711617355932e-06 3.178477784852597662e-07
3.388925950633755946e+01 9.565809862621996174e-03 9.899040460272993114e-01 5.158021150427007269e-04 1.337235086268732649e-05 9.696441810389847628e-07
3.402268178785857344e+01 2.041260126695035575e-03 9.964033184943839050e-01 1.551400949766341833e-03 3.496592029856340463e-06 5.238371318449365204e-07
3.415610406937958743e+01 1.131736890488533806e-02 9.879016764262277261e-01 7.677011540730107253e-04 1.257238108966042440e-05 6.811337316799121755e-07
3.428952635090060141e+01 4.097944409894718927e-03 9.947007669253725703e-01 1.198622205197434664e-03 1.827807050898486440e-06 8.386524917296850479e-07
3.442294863242161540e+01 6.310970390177408559e-03 9.925186683909165142e-01 1.161079658661031289e-03 8.883645409185420415e-06 3.979148439833151349e-07
3.455637091394262939e+01 1.001165468205693181e-02 9.892057974096520878e-01 7.798873031814605641e-04 1.697340825572887139e-06 9.632642913448016082e-07
3.468979319546364337e+01 1.936373089097071214e-03 9.965348408452795459e-01 1.521919875195336174e-03 6.451517288176603840e-06 4.146731475373253299e-07
3.482321547698465736e+01 1.108633419842518925e-02 9.884076107680800360e-01 4.997427926664590146e-04 5.544713322152904989e-06 7.675275138558279245e-07
3.495663775850567134e+01 4.615336991582319123e-03 9.937077865740359117e-01 1.670615414469600862e-03 5.527878704872103305e-06 7.331412153426578872e-07
3.509006004002668533e+01 5.754687413934444530e-03 9.937504240674277511e-01 4.836456365085332670e-04 1.080408237311038612e-05 4.387997643177771977e-07
3.522348232154769931e+01 1.039073100419425633e-02 9.880797856916874178e-01 1.522909173345031713e-03 5.532819326911321694e-06 1.041311453775862938e-06
3.535690460306871330e+01 1.879858123087790921e-03 9.973761764189035262e-01 7.304069186432930131e-04 1.323177069781463139e-05 3.267686749058877226e-07
