0.000000000000000000e+00 0.000000000000000000e+00 1.000000000000000000e+00 0.000000000000000000e+00 0.000000000000000000e+00 0.000000000000000000e+00
3.335557038025350196e-01 2.665431399930276809e-05 9.997991276368044522e-01 1.691718364102981964e-04 4.049929583253756908e-06 9.962832033342619089e-07
6.671114076050700392e-01 7.286784589335569204e-05 9.993327402781042590e-01 5.835099992099680895e-04 1.083102692336766786e-05 5.084987003783369966e-08
1.000667111407605114e+00 1.387391011857447070e-04 9.988091050281708849e-01 1.039477347721021704e-03 1.180716430171170016e-05 8.713586216461129891e-07
1.334222815210140078e+00 2.241496033512385569e-04 9.984330947853133909e-01 1.333956827294366550e-03 8.684322977929250873e-06 1.144610635359788895e-07
1.667778519012675043e+00 3.287749915308000041e-04 9.983262011833069494e-01 1.336795933635874555e-03 7.444973506463687971e-06 7.829180203687520775e-07
2.001334222815210229e+00 4.520415253524204518e-04 9.985038182408439988e-01 1.037920407489264672e-03 5.972843163437750643e-06 2.469831504254846575e-07
2.334889926617745193e+00 5.929177706313465933e-04 9.988341024248679201e-01 5.701540859461610121e-04 2.205007296055383522e-06 6.207112577778372487e-07
2.668445630420280157e+00 7.502157046092761301e-04 9.990837790747842950e-01 1.643545679728220595e-04 1.232077888997889588e-06 4.185747428809139126e-07
3.002001334222815121e+00 9.233317655506969451e-04 9.990481905650845373e-01 1.999740120753841903e-05 7.981869328360827024e-06 4.983988282755767163e-07
3.335557038025350085e+00 1.112311499539108805e-03 9.986745507272580813e-01 1.982083505471797817e-04 1.433917260582334092e-05 5.902500493359701662e-07
3.669112741827885049e+00 1.317130857326030604e-03 9.980624681798823117e-01 6.077963507566177268e-04 1.223094718621138293e-05 3.736648478948872701e-07
4.002668445630420457e+00 1.537516450255218148e-03 9.973915096680218140e-01 1.063211182406556543e-03 7.128592992425366199e-06 6.341063237110977721e-07
4.336224149432955421e+00 1.773265260449832705e-03 9.968614807345442808e-01 1.360272351005633457e-03 4.830255724777688956e-06 1.513982756289806553e-07
4.669779853235490386e+00 2.023827377713265790e-03 9.966196229031658582e-01 1.352149443686146823e-03 3.472442410066502560e-06 9.278330246344784748e-07
5.003335557038025350e+00 2.287503368276955565e-03 9.966772294913007757e-01 1.034257457873055024e-03 8.876029723174070300e-07 1.220795762958891912e-07
5.336891260840560314e+00 2.561956979993102075e-03 9.968697288303891568e-01 5.645066912197847439e-04 3.003512565727677396e-06 8.039858313955724392e-07
5.670446964643095278e+00 2.845547310907825447e-03 9.969661147830501946e-01 1.770746351508718308e-04 1.123011429531605778e-05 3.315659543424635314e-08
6.004002668445630242e+00 3.137597783368003060e-03 9.967967792167349295e-01 4.808752794370984939e-05 1.636148299801456083e-05 1.173988954891668894e-06
6.337558372248165206e+00 3.437596534406141963e-03 9.963218980583992135e-01 2.279908168412011691e-04 1.247070662672917677e-05 4.388372636944563881e-08
6.671114076050700170e+00 3.745074566798537938e-03 9.956100414376292118e-01 6.395801805647687022e-04 4.517870719882806282e-06 7.859442862767700191e-07
7.004669779853235134e+00 4.060106297331065109e-03 9.948407740548110834e-01 1.097764825070643739e-03 1.220137935214522363e-06 1.346848511688888209e-07
7.338225483655770098e+00 4.382787669788351485e-03 9.942377993147232251e-01 1.375977812753004454e-03 2.451553664270192931e-06 9.836490699939827953e-07
7.671781187458305062e+00 4.711759065496404567e-03 9.939498645783381159e-01 1.334704695384884366e-03 3.519891003886635166e-06 1.517697754931388426e-07
8.005336891260840915e+00 5.044080500081159039e-03 9.939446810876678695e-01 1.004307066809489654e-03 6.310659858124570023e-06 6.206855816951261037e-07
8.338892595063375879e+00 5.376951736434930872e-03 9.940575991097944097e-01 5.528410453265594424e-04 1.218443670350224016e-05 4.236717388910033137e-07
8.672448298865910843e+00 5.708692969759124151e-03 9.940898363228937162e-01 1.854696741208438455e-04 1.533629080655187407e-05 6.647424182368549679e-07
9.006004002668445807e+00 6.037957378613684721e-03 9.938844991107077531e-01 6.759914891565513100e-05 9.455003983587067362e-06 4.893577779333169828e-07
9.339559706470980771e+00 6.363586928059870342e-03 9.933721267104894670e-01 2.620273286672018700e-04 1.816376861019337880e-06 4.426559219920809814e-07
9.673115410273515735e+00 6.685947808923185624e-03 9.926264327955668376e-01 6.851214563742398468e-04 1.836991979515221097e-06 6.609471570106761715e-07
1.000667111407605070e+01 7.006683588560005949e-03 9.918562616093280493e-01 1.131516632948222859e-03 5.240667369627954831e-06 2.975017953755584312e-07
1.034022681787858566e+01 7.326261115484119374e-03 9.912840599408655473e-01 1.382747935736687714e-03 6.114799876758518284e-06 8.162080382895855871e-07
1.067378252168112063e+01 7.642907922931852470e-03 9.910195159528636388e-01 1.330218353966945363e-03 7.172233688682621245e-06 1.855365508771251273e-07
1.100733822548365559e+01 7.954290059982691702e-03 9.910215143427488771e-01 1.011543567930658829e-03 1.179428230878036942e-05 8.577470303014149677e-07
1.134089392928619056e+01 8.258434303299512502e-03 9.911545890211425069e-01 5.740841310992473310e-04 1.279254632662400455e-05 9.999813354129652326e-08
1.167444963308872552e+01 8.552856133355849974e-03 9.912255077662790459e-01 2.144869712714760133e-04 6.077353333738426860e-06 1.071775760678837831e-06
1.200800533689126048e+01 8.834784233167657097e-03 9.910555122118613891e-01 1.092635888385493184e-04 3.674130963666508506e-07 7.255303719123596832e-08
1.234156104069379545e+01 9.103270463337798796e-03 9.905739831056908917e-01 3.190901544542012287e-04 2.718826839869724717e-06 9.374496786142085941e-07
1.267511674449633041e+01 9.359689450614211773e-03 9.898932763738906848e-01 7.381369187134835660e-04 8.776348230842030351e-06 1.209085526372892497e-07
1.300867244829886538e+01 9.605555569031249200e-03 9.892240297205300292e-01 1.158946566874547411e-03 1.050295269150222752e-05 9.651908745259621669e-07
1.334222815210140034e+01 9.840756913135363312e-03 9.887560553388422546e-01 1.394182646322858184e-03 8.844016932688075733e-06 1.610847680579791620e-07
1.367578385590393530e+01 1.006431449138135530e-02 9.885808449486176430e-01 1.345377165087208258e-03 8.684400332230832740e-06 7.789945836373352416e-07
1.400933955970647027e+01 1.027522058646016673e-02 9.886882813826198824e-01 1.028632097458616074e-03 7.526463706021842559e-06 3.394697572373864631e-07
1.434289526350900523e+01 1.047145954420580262e-02 9.889422632516799982e-01 5.824401490225672223e-04 3.138091655547470831e-06 6.989634384899594693e-07
1.467645096731154020e+01 1.064958672466943118e-02 9.891232465072706814e-01 2.260780010150909784e-04 6.175352556497405532e-07 4.712317918947612985e-07
1.501000667111407516e+01 1.080711093434726273e-02 9.890489715225539991e-01 1.370461511005259059e-04 6.304808147406435402e-06 5.665838531026563525e-07
1.534356237491661012e+01 1.094459330652952644e-02 9.886912273269171658e-01 3.500712334732474385e-04 1.345519883713923894e-05 6.529342447974143399e-07
1.567711807871914509e+01 1.106415464977423754e-02 9.881674334307150032e-01 7.556629029419011968e-04 1.231629098283832612e-05 4.327255879260583325e-07
1.601067378252168183e+01 1.116719338407844847e-02 9.876563445290390542e-01 1.168613141981065563e-03 7.102281057870633784e-06 7.466638453052947238e-07
1.634422948632421679e+01 1.125486426282722857e-02 9.873352492097697830e-01 1.404338162911414811e-03 5.281058533324873943e-06 2.673059606689203269e-07
1.667778519012675176e+01 1.132886983433211738e-02 9.873191176509140687e-01 1.346005725447156718e-03 5.051487103327358069e-06 9.553022069413226892e-07
1.701134089392928672e+01 1.138947938512939635e-02 9.875954532809148034e-01 1.013035239622857818e-03 1.822536339520223199e-06 2.095579969449553176e-07
1.734489659773182169e+01 1.143408317038150865e-02 9.879938456533651214e-01 5.696331612811370449e-04 1.505132169703634834e-06 9.328828063401253263e-07
1.767845230153435665e+01 1.145941035889141979e-02 9.882927976816234805e-01 2.388342697732657896e-04 8.836727345981369846e-06 1.209623690609160784e-07
1.801200800533689161e+01 1.146422865560651344e-02 9.883446142349066044e-01 1.743959914920692868e-04 1.559333135113928035e-05 1.167786646363763712e-06
1.834556370913942658e+01 1.144875700619289727e-02 9.881387278242584893e-01 3.987735971562481139e-04 1.360094608720180950e-05 1.406263075591385253e-07
1.867911941294196154e+01 1.141326811997261589e-02 9.877641038426594466e-01 8.155283645146110295e-04 6.219141881136236861e-06 8.805309751041828295e-07
1.901267511674449651e+01 1.135874924898726442e-02 9.873959242991812157e-01 1.242954577370291224e-03 2.175920074925821380e-06 1.959543898110967445e-07
1.934623082054703147e+01 1.128770975016608370e-02 9.872344264628396537e-01 1.474450728349488340e-03 2.397341075551221018e-06 1.015717572343304650e-06
1.967978652434956643e+01 1.120232173314050783e-02 9.874019095172482663e-01 1.392743113167372931e-03 2.796782156999817488e-06 2.288542897271291158e-07
2.001334222815210140e+01 1.110219260440453194e-02 9.878443292897247652e-01 1.047774436229396370e-03 5.041271627344026676e-06 6.623980168788428511e-07
2.034689793195463636e+01 1.098513449516022242e-02 9.883848463091382541e-01 6.186517240738094925e-04 1.086155014425524988e-05 5.059214862170476503e-07
2.068045363575717133e+01 1.084973720562296302e-02 9.888324146877890408e-01 3.017839714710660471e-04 1.532535744718274329e-05 7.387776721200704417e-07
2.101400933955970629e+01 1.069582724962452568e-02 9.890569036587347762e-01 2.357134297537264724e-04 1.102123132885382336e-05 5.344305597304885372e-07
2.134756504336224125e+01 1.052335219842838801e-02 9.890168966251167149e-01 4.564358295213138245e-04 2.828901438467688032e-06 4.864454970775138798e-07
2.168112074716477622e+01 1.033307107031239749e-02 9.887981361109533518e-01 8.667158929237250842e-04 1.290614479778288689e-06 7.863113327369110598e-07
2.201467645096731118e+01 1.012826620105239904e-02 9.886024423691232021e-01 1.264256032059299286e-03 4.631435859096893779e-06 4.039619062828846564e-07
2.234823215476984615e+01 9.913529220080576077e-03 9.886307169702666098e-01 1.449093710513727536e-03 5.754821255472908729e-06 9.052778842662146908e-07
2.268178785857238111e+01 9.691657915320658900e-03 9.889630044641695150e-01 1.339083193108849684e-03 5.949202942518983459e-06 3.052244586317577248e-07
2.301534356237491608e+01 9.463278422450141156e-03 9.895293376144432829e-01 9.959059098294084818e-04 1.047800362876494224e-05 1.000049649290585832e-06
2.334889926617745104e+01 9.228746544537841379e-03 9.901797607355574682e-01 5.776879774318513993e-04 1.358921828203588570e-05 2.155241913887837514e-07
2.368245496997998600e+01 8.988268032421789858e-03 9.907303298592503582e-01 2.718487886244094721e-04 8.349004502289973732e-06 1.204315201994282884e-06
2.401601067378252097e+01 8.740698961918907245e-03 9.910289289844970151e-01 2.287666750707370881e-04 1.402192467865239696e-06 2.031860471509194226e-07
2.434956637758505593e+01 8.484625487639724586e-03 9.910302160304665930e-01 4.824793980351892945e-04 1.662053212865570305e-06 1.017030647203117508e-06
2.468312208138759090e+01 8.220621999996815393e-03 9.908598070359966314e-01 9.123311735219259439e-04 7.013603849995865056e-06 2.261866369383481436e-07
2.501667778519012586e+01 7.951037671613283425e-03 9.907284434757794855e-01 1.309752756455301141e-03 9.633023573337962540e-06 1.133072582132108834e-06
2.535023348899266082e+01 7.677768085123742002e-03 9.908103569621194984e-01 1.502519605397246126e-03 9.114080744675761339e-06 2.412666179416133867e-07
2.568378919279519579e+01 7.401582025162750655e-03 9.911671403771796784e-01 1.421132778023842915e-03 9.338830265559226659e-06 8.059893711731342500e-07
2.601734489659773075e+01 7.123074004606344024e-03 9.917625721098973779e-01 1.105579010702478163e-03 8.347861195383604382e-06 4.270136014266549390e-07
2.635090060040026572e+01 6.842706430668696500e-03 9.924552611856515272e-01 6.971622108532815349e-04 4.063202289097675240e-06 8.069705413367802298e-07
2.668445630420280068e+01 6.559723865060399124e-03 9.930391633898422166e-01 4.001701217415929747e-04 4.507762434232999449e-07 4.918471161859970210e-07
2.701801200800533564e+01 6.272615986477051570e-03 9.933534372218775221e-01 3.692995475478880684e-04 4.047959777367625140e-06 5.992843231324069348e-07
2.735156771180787061e+01 5.981246186305346976e-03 9.933938113634429579e-01 6.131518159553482486e-04 1.106803666087822425e-05 7.225976384380568332e-07
2.768512341561040557e+01 5.687712213254374378e-03 9.932954668696242218e-01 1.004250370186540861e-03 1.205867518637661355e-05 5.118717512687758784e-07
2.801867911941294054e+01 5.394898216818220897e-03 9.932356189565314519e-01 1.360587993304365750e-03 8.059054730471067583e-06 8.357786182526021124e-07
2.835223482321547550e+01 5.105517409426192990e-03 9.933675748650843129e-01 1.520545439961376458e-03 5.972463514154466187e-06 3.898220168184809357e-07
2.868579052701801047e+01 4.822733216369830961e-03 9.937730597972046498e-01 1.397257789235923199e-03 5.883111096589667137e-06 1.066086096034514064e-06
2.901934623082054543e+01 4.549999811499329423e-03 9.944141304671324511e-01 1.032654546402194361e-03 2.879707054798099963e-06 3.354679145116239697e-07
2.935290193462308039e+01 4.289434998886129148e-03 9.951108743051644279e-01 5.975051634263632821e-04 1.039776797625029409e-06 1.145755729528561823e-06
2.968645763842561536e+01 4.041429514839690873e-03 9.956472666497753199e-01 3.042884268855241062e-04 6.739277951540984020e-06 2.761305527141140116e-07
3.002001334222815032e+01 3.806166860664850302e-03 9.958925913675872321e-01 2.859206627576855379e-04 1.404471664927728313e-05 1.276392344923696989e-06
3.035356904603068529e+01 3.584402968752607201e-03 9.958606587452264458e-01 5.408002713365544882e-04 1.382662057802745721e-05 3.113941104992940174e-07
3.068712474983322025e+01 3.376696270680633501e-03 9.956582797881207147e-01 9.563486095570990090e-04 7.524224886417578516e-06 1.151106759212806372e-06
3.102068045363575521e+01 3.183121456397430393e-03 9.954581367446689866e-01 1.355082322265215673e-03 3.347577065049803906e-06 3.118996074286542421e-07
3.135423615743829018e+01 3.003992129811475405e-03 9.954397049562621058e-01 1.552369755542028521e-03 2.790117320465333132e-06 1.143041067590712416e-06
3.168779186124082514e+01 2.839813213648751528e-03 9.957033919673079492e-01 1.453960174437715375e-03 2.472349899876093679e-06 3.622947090714775428e-07
3.202134756504336366e+01 2.690268965718441412e-03 9.961797036405194428e-01 1.125287158014442448e-03 3.898027529143521271e-06 8.422082219422317488e-07
3.235490326884589507e+01 2.553933107939850185e-03 9.966866763059550882e-01 7.498729651422441798e-04 8.988712994604049192e-06 5.289079717318830940e-07
3.268845897264843359e+01 2.429201529858007486e-03 9.970451056254131528e-01 5.109815167891803298e-04 1.388539545195077562e-05 8.259324903847622987e-07
3.302201467645096500e+01 2.314987829744230910e-03 9.971553680082242410e-01 5.174653737673701832e-04 1.161832181978876709e-05 5.604664473491540923e-07
3.335557038025350352e+01 2.210615105542185644e-03 9.970064513610483736e-01 7.778999544665703147e-04 4.449920811441696080e-06 5.836581342411028270e-07
3.368912608405603493e+01 2.115839619461642139e-03 9.966986260866879110e-01 1.183210348722966163e-03 1.503881512074689429e-06 8.200636184990589426e-07
3.402268178785857344e+01 2.031362493256417146e-03 9.964301416273212419e-01 1.534437916274252042e-03 3.555429866764359995e-06 5.025332843675093733e-07
3.435623749166110485e+01 1.958792565240336306e-03 9.963867243089243875e-01 1.648367756273212215e-03 5.191539510378066103e-06 9.238300550982462090e-07
3.468979319546364337e+01 1.899882112362421540e-03 9.966241659390854268e-01 1.469501920226154619e-03 6.022098839393539167e-06 4.279294897890858818e-07
3.502334889926617478e+01 1.856160578251151534e-03 9.970479722932492628e-01 1.084429319991124996e-03 1.026982333368766979e-05 1.167985177325252174e-06
3.535690460306871330e+01 1.829246697187097851e-03 9.974960152247028811e-01 6.606283445876167055e-04 1.374795099802180754e-05 3.617825274195312457e-07
3.569046030687124471e+01 1.820863098453477614e-03 9.977928136116518409e-01 3.756050666781436849e-04 9.392816399009712897e-06 1.325406820897082867e-06
3.602401601067378323e+01 1.832456851725724556e-03 9.978081418829689575e-01 3.567254177482467588e-04 2.282299644020003664e-06 3.935479168112934882e-07
3.635757171447631464e+01 1.865211574309673685e-03 9.975154364594339684e-01 6.166434908570935219e-04 1.456274277688043493e-06 1.252201124692934470e-06
3.669112741827885316e+01 1.920197866528778425e-03 9.970467327201097962e-01 1.026866530306427220e-03 5.790312960098442874e-06 4.125700981853905041e-07
3.702468312208138457e+01 1.997924490738379067e-03 9.966079138695277395e-01 1.384702141476635119e-03 8.043190107441860803e-06 1.416308152567010447e-06
3.735823882588392308e+01 2.097790348786399920e-03 9.963592957703224506e-01 1.534400617356574282e-03 8.081236449561445833e-06 4.320270879652959050e-07
3.769179452968645450e+01 2.218260604129306153e-03 9.963391041589813035e-01 1.432151083802532619e-03 9.449976154617319992e-06 1.034176936132460881e-06
3.802535023348899301e+01 2.357272117257418718e-03 9.964930998752031810e-01 1.139516939035330970e-03 9.564009011147966500e-06 5.470594969654620776e-07
3.835890593729152442e+01 2.512211725277223567e-03 9.966822670085494495e-01 7.989719712872474537e-04 5.478453269536011698e-06 1.070841620734193943e-06
3.869246164109406294e+01 2.680077661734994385e-03 9.967236541698780705e-01 5.949310423527544821e-04 8.080372441763324963e-07 5.290887933437509019e-07
3.902601734489659435e+01 2.858329583331840028e-03 9.964842882689675108e-01 6.543054180239539844e-04 2.345479114896969429e-06 7.312505659127654814e-07
3.935957304869913287e+01 3.045463308866254611e-03 9.959877967517627440e-01 9.573744185744368154e-04 8.620118640573070856e-06 7.454021598052373648e-07
3.969312875250166428e+01 3.240450982082360501e-03 9.953893725170988027e-01 1.357998837729761880e-03 1.149280369776921059e-05 6.848593944397745083e-07
4.002668445630420280e+01 3.442114763286001269e-03 9.948693538855366558e-01 1.678053783686805651e-03 9.678290914817364789e-06 7.992765789820281569e-07
4.036024016010673421e+01 3.649485749663645452e-03 9.945622085572869420e-01 1.780090416368890986e-03 7.709181845630586302e-06 5.060948378527551023e-07
4.069379586390927273e+01 3.862204691842696137e-03 9.945258644124717051e-01 1.604071793028717880e-03 6.784619901354051618e-06 1.074482757977254170e-06
4.102735156771180414e+01 4.079933435222051104e-03 9.947071481605260779e-01 1.208959120088370356e-03 3.514995188078274027e-06 4.442889780863839290e-07
4.136090727151434265e+01 4.302157680239916508e-03 9.949256045625640699e-01 7.698646343905968985e-04 1.159562375857408334e-06 1.213560431580481682e-06
4.169446297531687406e+01 4.529330507341216595e-03 9.949743717746523108e-01 4.899897917034989024e-04 5.861232301278778088e-06 4.466940025350778565e-07
4.202801867911941258e+01 4.763543632514678078e-03 9.947396415965255034e-01 4.827635849870251148e-04 1.269411338420772254e-05 1.357072589147018539e-06
4.236157438292194399e+01 5.007283555184344204e-03 9.942536450075702970e-01 7.259078382330534174e-04 1.266354700113070787e-05 5.000520122357949941e-07
4.269513008672448251e+01 5.262231196276916621e-03 9.936328981020803308e-01 1.096258794431701974e-03 7.186831033522927412e-06 1.425076178850865883e-06
4.302868579052702103e+01 5.529524672377091575e-03 9.930394912129761886e-01 1.426141059624256614e-03 4.300836146271989068e-06 5.422188778617236188e-07
4.336224149432955244e+01 5.809778229603854843e-03 9.926256471357780553e-01 1.558922697235087069e-03 4.255840344491056129e-06 1.396097040279392888e-06
4.369579719813209095e+01 6.101769121034058586e-03 9.924667248226495264e-01 1.428186412506522555e-03 2.694359566511156916e-06 6.252842448690688147e-07
4.402935290193462237e+01 6.401968144003751700e-03 9.924814347818160520e-01 1.113071088102705886e-03 2.300795086176968288e-06 1.225190993181942442e-06
4.436290860573716088e+01 6.706166974656265801e-03 9.924901631317640804e-01 7.958505185815686021e-04 7.179474563281772909e-06 6.399004373971932336e-07
4.469646430953969229e+01 7.011003480604537964e-03 9.923295942162587702e-01 6.447580913620527387e-04 1.357029011197468476e-05 1.073921665403350448e-06
4.503002001334223081e+01 7.313638981639253300e-03 9.919322786324797914e-01 7.401416383289667654e-04 1.322962248728703604e-05 7.111250674795588617e-07
4.536357571714476222e+01 7.611177310611912279e-03 9.913184803243503262e-01 1.062914717090361139e-03 6.547320846219257441e-06 8.803271034500586962e-07
4.569713142094730074e+01 7.901497272677875452e-03 9.906035989197824465e-01 1.491829873195165985e-03 2.266395010484870798e-06 8.075393365631445249e-07
4.603068712474983215e+01 8.183815987533236275e-03 9.899805868838749134e-01 1.831784070561167516e-03 3.141260100167749367e-06 6.717979327511707176e-07
4.636424282855237067e+01 8.457271930959159301e-03 9.896218379637681251e-01 1.914829022202814510e-03 5.195243656625909708e-06 8.658394161915117955e-07
4.669779853235490208e+01 8.719480664392879193e-03 9.895636994099640260e-01 1.709824520237336696e-03 6.423498665719569015e-06 5.719067428137029197e-07
4.703135423615744060e+01 8.967791933796187206e-03 9.896970024130274934e-01 1.324074276915213153e-03 1.000140767369861992e-05 1.129968591400401445e-06
4.736490993995997201e+01 9.201316885409285135e-03 9.898585284857500666e-01 9.264603504371234826e-04 1.322873479150956207e-05 4.655436160272202107e-07
4.769846564376251052e+01 9.420683058715576680e-03 9.898925638413063055e-01 6.759174584699247307e-04 9.610324189559826621e-06 1.225317322508590229e-06
4.803202134756504194e+01 9.626903621092062352e-03 9.896948808967090949e-01 6.748418746580389475e-04 2.823479021529286507e-06 5.501285227543230228e-07
4.836557705136758045e+01 9.822307562851365081e-03 9.892573434264484433e-01 9.173133883224192549e-04 1.690339502403625044e-06 1.345282878177138939e-06
4.869913275517011186e+01 1.001138824688882663e-02 9.887118490086357347e-01 1.270776952881335405e-03 5.377755433453769107e-06 6.080361623719528513e-07
4.903268845897265038e+01 1.019868910758508877e-02 9.882501595271907524e-01 1.543013075094505681e-03 6.583839832465543745e-06 1.554450299051092523e-06
4.936624416277518179e+01 1.038612779202377490e-02 9.880075522182425463e-01 1.599545916773157783e-03 6.039228644058412092e-06 7.348443178851700473e-07
4.969979986657772031e+01 1.057338740162136297e-02 9.879913732508504021e-01 1.424906086378176402e-03 8.975299051795172838e-06 1.357962100122518776e-06
5.003335557038025172e+01 1.075938505467131934e-02 9.881217720135528904e-01 1.106282659409120505e-03 1.174286601123924053e-05 8.174063571518994560e-07
5.036691127418279024e+01 1.094178391056224546e-02 9.882564977960031083e-01 7.919785591939643935e-04 8.297616270113382896e-06 1.442117971669254493e-06
5.070046697798532165e+01 1.111627320718430040e-02 9.882333412013988294e-01 6.477810249229588218e-04 1.810427480032699293e-06 7.941390147534572068e-07
5.103402268178786017e+01 1.127831708673755068e-02 9.879463720974704932e-01 7.729388516562191039e-04 1.315335940262618609e-06 1.056628195902026425e-06
5.136757838559039158e+01 1.142534250422398527e-02 9.874413293946900927e-01 1.124854652906986073e-03 7.530886358349790761e-06 9.425618217552328721e-07
5.170113408939293009e+01 1.155612667449003664e-02 9.868850533698153571e-01 1.545723319145672929e-03 1.203694421799367690e-05 1.059692333376552971e-06
5.203468979319546150e+01 1.166873842092328896e-02 9.864557823530909486e-01 1.863478744522264812e-03 1.113820757364134432e-05 8.622738921403947989e-07
5.236824549699800002e+01 1.176044864971225248e-02 9.862674472872657860e-01 1.963131469726527543e-03 8.263725496713110602e-06 7.088678021641580440e-07
5.270180120080053143e+01 1.182918495212453153e-02 9.863565879793261271e-01 1.806422458739853198e-03 6.791132658873471139e-06 1.013477153855317077e-06
5.303535690460306995e+01 1.187331629251044650e-02 9.866608137320007632e-01 1.461074307984956688e-03 4.211105380532332933e-06 5.845621269018312383e-07
5.336891260840560136e+01 1.189045680667213251e-02 9.870099035585636615e-01 1.097007368114540690e-03 1.568271776784609568e-06 1.063994876344801218e-06
5.370246831220813988e+01 1.187867273444533772e-02 9.872174127923065701e-01 8.990362849539600349e-04 4.309261057626924718e-06 5.689272401084062346e-07
5.403602401601067129e+01 1.183937737517849406e-02 9.871988937070063086e-01 9.501986006278456080e-04 1.032302977502738479e-05 1.207287416425922633e-06
5.436957971981320981e+01 1.177732516103092639e-02 9.870107247652818439e-01 1.199883925808864363e-03 1.145910469482705355e-05 6.070431864155487834e-07
5.470313542361574122e+01 1.169800740853207607e-02 9.867785045861889870e-01 1.514645211929129421e-03 7.463274833323771410e-06 1.379518519514342581e-06
5.503669112741827973e+01 1.160674921582477946e-02 9.866455485105741774e-01 1.741404359102736478e-03 5.497307147278586235e-06 8.006073545232354430e-07
5.537024683122081115e+01 1.150962037148235348e-02 9.867278571074504789e-01 1.754993110258391224e-03 6.059144490457459162e-06 1.470266321330011916e-06
5.570380253502334966e+01 1.141216675072753359e-02 9.870619954042976207e-01 1.521262194117643622e-03 3.625548191116850589e-06 9.501026685121229568e-07
5.603735823882588107e+01 1.131679253659522572e-02 9.875426347110520808e-01 1.137701628158872434e-03 1.347030311300582270e-06 1.524093885011887573e-06
5.637091394262841959e+01 1.122291190970782331e-02 9.879793261896581136e-01 7.909078619990415719e-04 5.871638507194261776e-06 9.824001318149766224e-07
5.670446964643095100e+01 1.112939794610487768e-02 9.882124867133365020e-01 6.427703029432600777e-04 1.397547969290440914e-05 1.369557925471795585e-06
5.703802535023348952e+01 1.103517654270864609e-02 9.881923031693823356e-01 7.561301721637518278e-04 1.523283454612447470e-05 1.157281201022927501e-06
5.737158105403602093e+01 1.093803282337202712e-02 9.879612075161999796e-01 1.091089432680569489e-03 8.341841698815629806e-06 1.328386050034921756e-06
5.770513675783855945e+01 1.083487392462051911e-02 9.876420453283691891e-01 1.519366645862390989e-03 2.636961183024140677e-06 1.077139966795308197e-06
5.803869246164109086e+01 1.072332120811518748e-02 9.874155955143560925e-01 1.857204288305854987e-03 2.868254496162106253e-06 1.010734728626252218e-06
5.837224816544362938e+01 1.060152216329625710e-02 9.874352857991022248e-01 1.956605466616302171e-03 5.507574989324113997e-06 1.078995998312128096e-06
5.870580386924616079e+01 1.046618716377885859e-02 9.877203836638913659e-01 1.806177788201159028e-03 6.387911050681916925e-06 8.634730807476925439e-07
5.903935957304869930e+01 1.031235129795540946e-02 9.881560874465736832e-01 1.522416201453595302e-03 8.078752981223674359e-06 1.066301038941871010e-06
5.937291527685123071e+01 1.013563647465268863e-02 9.885915267987943622e-01 1.261398238106807221e-03 1.083764147787165176e-05 6.008469708565281375e-07
5.970647098065376923e+01 9.933813899399034086e-03 9.889063360668265412e-01 1.149104130928238054e-03 9.679416271923784582e-06 1.066486576891255144e-06
6.004002668445630064e+01 9.706172073996356675e-03 9.890357900123342150e-01 1.252716031196596377e-03 4.635511790533132400e-06 6.863706854356380125e-07
6.037358238825883916e+01 9.453556863355316170e-03 9.890023240605478883e-01 1.540541045893377078e-03 2.403061163064856634e-06 1.174969043398082207e-06
6.070713809206137057e+01 9.179984672765409762e-03 9.889459046689550448e-01 1.868753928574649155e-03 4.634453576656039299e-06 7.222761311307596265e-07
6.104069379586390909e+01 8.892662403382928585e-03 9.890483561665573964e-01 2.051528322096366017e-03 6.124325900776607556e-06 1.328782064430138194e-06
6.137424949966644050e+01 8.599263529915558701e-03 9.894139427728773084e-01 1.979741434734175881e-03 6.044617560843081401e-06 1.007644914622233977e-06
6.170780520346897902e+01 8.306254651836122299e-03 9.900106480815844545e-01 1.672273874836614554e-03 9.401861408205442245e-06 1.421530336774654828e-06
6.204136090727151043e+01 8.019691387585483472e-03 9.907197481039364817e-01 1.246368138763340313e-03 1.304137528497795026e-05 1.150994432314491047e-06
6.237491661107404894e+01 7.745407031140430672e-03 9.913822049665329539e-01 8.608076818685425321e-04 1.002454481834101638e-05 1.555775642159795246e-06
6.270847231487658036e+01 7.487387212084949291e-03 9.918380291573841712e-01 6.706145303191923552e-04 2.687661532675913570e-06 1.281438680490356738e-06
6.304202801867911887e+01 7.247347184126235430e-03 9.919922754331572667e-01 7.579582628215854410e-04 1.057779462967048298e-06 1.361340432915288045e-06
6.337558372248165028e+01 7.026234151536710389e-03 9.918931447206107421e-01 1.072313481621908673e-03 6.848379298156981905e-06 1.459266933360787922e-06
6.370913942628418880e+01 6.824786230272878243e-03 9.917048132956609585e-01 1.457384202060725943e-03 1.153137805360018652e-05 1.484893952863589311e-06
6.404269513008672732e+01 6.642221341021751872e-03 9.915940379727932186e-01 1.751812254693903064e-03 1.056009829256033862e-05 1.368333199999036750e-06
6.437625083388925873e+01 6.475561333362731854e-03 9.916542082522227242e-01 1.861689355614706875e-03 7.464186188074516790e-06 1.076872614111285716e-06
6.470980653769179014e+01 6.320596295981598112e-03 9.919010105354698625e-01 1.770546115462773903e-03 6.551743143757799510e-06 1.295309944225567605e-06
6.504336224149433576e+01 6.172553847732601892e-03 9.922695908180382274e-01 1.551616833777367697e-03 5.324344461675934223e-06 9.141559918396479753e-07
6.537691794529686717e+01 6.025712528876454692e-03 9.926115354730478124e-01 1.359073559816358773e-03 2.527282155513224136e-06 1.151156106600448424e-06
6.571047364909939859e+01 5.873764811905686847e-03 9.927780344842002114e-01 1.344768863673887491e-03 2.674932507990659533e-06 7.569077145488650004e-07
6.604402935290193000e+01 5.711766093230554418e-03 9.927314624834733259e-01 1.548145717228768250e-03 7.503512902254906763e-06 1.122193167799923429e-06
6.637758505670447562e+01 5.537525903994195212e-03 9.925688000781531795e-01 1.881609713789645028e-03 1.133683582236949627e-05 7.274682427885418454e-07
6.671114076050700703e+01 5.351121794744563911e-03 9.924377844949033856e-01 2.199490897590797821e-03 1.043961381308414763e-05 1.163198950230554682e-06
6.704469646430953844e+01 5.154153463628391614e-03 9.924734322258033092e-01 2.363217781082874083e-03 8.221658124506582156e-06 9.748713639707460943e-07
6.737825216811206985e+01 4.950154598001516373e-03 9.927670302057954865e-01 2.274362433812052511e-03 7.229714523128786973e-06 1.223047870773848016e-06
6.771180787191461548e+01 4.744616753278230702e-03 9.933233045550081686e-01 1.926766551027737006e-03 4.186440585420254129e-06 1.125700103819159771e-06
6.804536357571714689e+01 4.543696586560756409e-03 9.940147727957845403e-01 1.438356927053687515e-03 1.755068163305564130e-06 1.418622441370445036e-06
6.837891927951967830e+01 4.353283129957250149e-03 9.946341196551075070e-01 1.005646968889410990e-03 5.589760242255631815e-06 1.360485808781325758e-06
6.871247498332220971e+01 4.179432350646998702e-03 9.950179383081957374e-01 7.882382853581977079e-04 1.301382749186081217e-05 1.377228312320828468e-06
6.904603068712475533e+01 4.028389441840616453e-03 9.951194044957406559e-01 8.363989123037955751e-04 1.414978212574552610e-05 1.657367995429925605e-06
6.937958639092728674e+01 3.905386686651344998e-03 9.949892885185378510e-01 1.095898489506660998e-03 7.856430700934688839e-06 1.569874609781230880e-06
6.971314209472981815e+01 3.813811467725869171e-03 9.947406117704402639e-01 1.440945537122570929e-03 2.943983300633740821e-06 1.687241417038497771e-06
7.004669779853234957e+01 3.755437519833094030e-03 9.945284321016070184e-01 1.711305117774558756e-03 3.450627765868154423e-06 1.374633025446956823e-06
7.038025350233489519e+01 3.730333811994564208e-03 9.944745981337579366e-01 1.788110319796018099e-03 5.182631567030290739e-06 1.775102889983245961e-06
7.071380920613742660e+01 3.736137185100908177e-03 9.945805039645934098e-01 1.677185748547317320e-03 4.871447766587425301e-06 1.301653997341106791e-06
7.104736490993995801e+01 3.768163272212656217e-03 9.947264312539773057e-01 1.497922524334165551e-03 6.029964956947260883e-06 1.452984525181719465e-06
7.138092061374248942e+01 3.820590908927719992e-03 9.947767940287741695e-01 1.391717474510789816e-03 9.970476482169031042e-06 9.271113118992073570e-07
7.171447631754503504e+01 3.887329348841158348e-03 9.946469616598921926e-01 1.452805826505842871e-03 1.148643852147652985e-05 1.416726245975223911e-06
7.204803202134756646e+01 3.962208204780270915e-03 9.943182782017911947e-01 1.710770819350807383e-03 7.772370134561610569e-06 9.704039489191685844e-07
7.238158772515009787e+01 4.039624001826687578e-03 9.938512177945090231e-01 2.104149641245424852e-03 3.805631967701608038e-06 1.202930456900686872e-06
7.271514342895262928e+01 4.115534500243532914e-03 9.934058025072418641e-01 2.473514117696059070e-03 4.322618426548658443e-06 8.262563973621607368e-07
7.304869913275517490e+01 4.187561475894766537e-03 9.931668778015340093e-01 2.637418974568490893e-03 7.015440863745168228e-06 1.126307144152775939e-06
7.338225483655770631e+01 4.254357970938106234e-03 9.932236830392338067e-01 2.512405329884508706e-03 8.433478839368233830e-06 1.120181109595083065e-06
7.371581054036023772e+01 4.315772223596898646e-03 9.935237765240407803e-01 2.148509524223667349e-03 1.074002336266305858e-05 1.201704781182208380e-06
7.404936624416276914e+01 4.373638724920791802e-03 9.939324511618490288e-01 1.680382682608201747e-03 1.228538547464094959e-05 1.242045152548939419e-06
7.438292194796531476e+01 4.431719057601445078e-03 9.942948239200932736e-01 1.263196138672844542e-03 9.001170322482912988e-06 1.259713316716859660e-06
7.471647765176784617e+01 4.494874447346130890e-03 9.944648698833548073e-01 1.035900075189748063e-03 2.791808125587980028e-06 1.563785990548214720e-06
7.505003335557037758e+01 4.568795429970357556e-03 9.943632437042313477e-01 1.064989476386109073e-03 1.627142292336241746e-06 1.344247127816583321e-06
7.538358905937290899e+01 4.659891460235072481e-03 9.940370684720913896e-01 1.295031988529555828e-03 6.127070774963421449e-06 1.881008378145484869e-06
7.571714476317545461e+01 4.774061330140531682e-03 9.936412254761007867e-01 1.574205538233849162e-03 8.920503951717297157e-06 1.587151582040992308e-06
7.605070046697798603e+01 4.915069250735555791e-03 9.933200678079867618e-01 1.755209924335656823e-03 7.583661767882709795e-06 2.069355183423585287e-06
7.638425617078051744e+01 5.084190857512821751e-03 9.931370370398255876e-01 1.770404996370882229e-03 6.933534315441063447e-06 1.433571983680976623e-06
7.671781187458304885e+01 5.280725200908424448e-03 9.930717164949881548e-01 1.636847146303477447e-03 8.725184169805022208e-06 1.985973638696256851e-06
7.705136757838559447e+01 5.501878779554051496e-03 9.930444584964925880e-01 1.444298799731550190e-03 7.998234706214587576e-06 1.365689523788283283e-06
7.738492328218812588e+01 5.742563469154163443e-03 9.929165194476130551e-01 1.335681358637134117e-03 3.407179776436081865e-06 1.828544827160134994e-06
7.771847898599065729e+01 5.996528140038958829e-03 9.925678029394875423e-01 1.432854323288013662e-03 1.686759486099619425e-06 1.127837706935955746e-06
7.805203468979318870e+01 6.258006004599561169e-03 9.919903651816244228e-01 1.743143773885724116e-03 6.872096107761808926e-06 1.612943788889142627e-06
7.838559039359573433e+01 6.521817136153769748e-03 9.913081364048764721e-01 2.155728037342248635e-03 1.326473377310623131e-05 1.053687861422763968e-06
7.871914609739826574e+01 6.782533879988016795e-03 9.906812666365346631e-01 2.521094482982038677e-03 1.368175625085471250e-05 1.423244252424556415e-06
7.905270180120079715e+01 7.034881162827692942e-03 9.902404113003820951e-01 2.713805142240475164e-03 9.817483716882637377e-06 1.084910841547683905e-06
7.938625750500332856e+01 7.274997590678983217e-03 9.900634574162502366e-01 2.653410503549771902e-03 7.026661882740662127e-06 1.107827647049138527e-06
7.971981320880587418e+01 7.500397406896478110e-03 9.901462780617854564e-01 2.347622185795803819e-03 4.648066149145016636e-06 1.054279381492313409e-06
8.005336891260840559e+01 7.709365162265555300e-03 9.903651894420621993e-01 1.921161466896873383e-03 3.115427062847232399e-06 1.168501721100172985e-06
8.038692461641093701e+01 7.902031735635320353e-03 9.905283715346420159e-01 1.562907260564434710e-03 5.308261532281876755e-06 1.381207634584351683e-06
8.072048032021346842e+01 8.081992725211354159e-03 9.905004556179479724e-01 1.406258363784661106e-03 1.019918680857850922e-05 1.094106255331841848e-06
8.105403602401601404e+01 8.255562911601633733e-03 9.902640734380522280e-01 1.467741056967668484e-03 1.096423432781393820e-05 1.658359058330178954e-06
8.138759172781854545e+01 8.429590699040203153e-03 9.898913522939984944e-01 1.670709008862737190e-03 6.941280007897420331e-06 1.406718099185425596e-06
8.172114743162107686e+01 8.610706283021168223e-03 9.894885455939269603e-01 1.894059000197650510e-03 4.627088615033094446e-06 2.062034247823472034e-06
8.205470313542360827e+01 8.805341926211124673e-03 9.891808980264144013e-01 2.006632185243886150e-03 5.661011948559793300e-06 1.466850191728298556e-06
8.238825883922615390e+01 9.018190408420242651e-03 9.890486817715723467e-01 1.925643390405760557e-03 5.106021003288263910e-06 2.378408607964331291e-06
8.272181454302868531e+01 9.250290153975646024e-03 9.890635121727170409e-01 1.681602027160462171e-03 2.987974713112447949e-06 1.607671442231753335e-06
8.305537024683121672e+01 9.499410904873502315e-03 9.890834818143171558e-01 1.409669119655129234e-03 5.276294395466144983e-06 2.161866766586426257e-06
8.338892595063374813e+01 9.761813732716975028e-03 9.889658762200884690e-01 1.258799984595910778e-03 1.214449807748629776e-05 1.365564528492451794e-06
8.372248165443629375e+01 1.003265116014570059e-02 9.886330183524117965e-01 1.316963414779498496e-03 1.507620821269704237e-05 2.290864456715404641e-06
8.405603735823882516e+01 1.030538090457348843e-02 9.880893759955226008e-01 1.593835001193480688e-03 9.965978959221602848e-06 1.442119757169573578e-06
8.438959306204135657e+01 1.057258391635736150e-02 9.874098855995793178e-01 2.012130893943708115e-03 3.547040766806117394e-06 1.852549358449793079e-06
8.472314876584388799e+01 1.082762716234579939e-02 9.867555547317192755e-01 2.411861695835574877e-03 3.828514966306343160e-06 1.127895138737124467e-06
8.505670446964643361e+01 1.106453086742597430e-02 9.862982041310608405e-01 2.627363918501551474e-03 8.305882688541383916e-06 1.595200329518507003e-06
8.539026017344896502e+01 1.127650364954508634e-02 9.861149446914863059e-01 2.597235797935048152e-03 1.010526645289089348e-05 1.210594587196191736e-06
8.572381587725149643e+01 1.145651566399296696e-02 9.861479093910249238e-01 2.384790139447378037e-03 9.545299294234726477e-06 1.239506246803819180e-06
8.605737158105404205e+01 1.159993460460908947e-02 9.862778040146683578e-01 2.112127168470323297e-03 9.061512173576665520e-06 1.072700084286524357e-06
8.639092728485657346e+01 1.170566492524607004e-02 9.863858345183976750e-01 1.899759589354018709e-03 7.679050711809042165e-06 1.061916296591703315e-06
8.672448298865910488e+01 1.177520177588952527e-02 9.863733921077617595e-01 1.845598963440012825e-03 4.419237805081693572e-06 1.387915108940334730e-06
8.705803869246163629e+01 1.181281932657521870e-02 9.862022788682007768e-01 1.980434632235707898e-03 3.325413234057504539e-06 1.141759759724850404e-06
8.739159439626418191e+01 1.182683012844762405e-02 9.859422255677654512e-01 2.223613563431367686e-03 5.619774503522509544e-06 1.710965857359907615e-06
8.772515010006671332e+01 1.182837391206800759e-02 9.857485408303093832e-01 2.414815636720028542e-03 6.953316545621831632e-06 1.316304361649074192e-06
8.805870580386924473e+01 1.182800018979695243e-02 9.857413367340606136e-01 2.422026889719999798e-03 6.385926300662313941e-06 2.250260126963848388e-06
8.839226150767177614e+01 1.183420060670468954e-02 9.859406056002967267e-01 2.215178664141037243e-03 8.492810412031228726e-06 1.522318451396188578e-06
