0.000000000000000000e+00 0.000000000000000000e+00 1.000000000000000000e+00 0.000000000000000000e+00 0.000000000000000000e+00 0.000000000000000000e+00
2.001334222815210062e-01 1.042893315827246939e-02 9.885337166281630283e-01 1.026825846280374861e-03 1.031565036653634881e-05 2.087169170619820252e-07
4.002668445630420124e-01 3.573559646159986218e-03 9.953814962137124134e-01 1.032840553504634201e-03 1.175003374038485127e-05 3.535528818343070792e-07
6.004002668445630464e-01 4.548226408608496696e-03 9.954467518560490280e-01 3.854369448449234114e-06 4.573607138603119419e-07 7.100051799877911071e-07
8.005336891260840249e-01 9.793329173909341712e-03 9.891706443449299613e-01 1.026294553335762921e-03 8.633365496462707406e-06 1.098562328059614694e-06
1.000667111407605114e+00 1.387394498143128057e-04 9.988091040737477888e-01 1.039477950215997055e-03 1.180716837786850117e-05 8.713578439324411844e-07
1.200800533689126093e+00 1.093107504105451065e-02 9.890586461486722269e-01 7.922006306640766373e-06 1.798940577571404154e-06 5.578633885868585737e-07
1.400933955970647071e+00 2.713446400019809378e-03 9.962474482627788896e-01 1.031628470610541567e-03 7.136639593795936894e-06 3.402269958440007561e-07
1.601067378252168050e+00 5.563999067305351424e-03 9.933798696449166465e-01 1.044981578820308472e-03 1.107992582549917301e-05 6.978313154877828236e-08
1.801200800533689028e+00 9.063613501525690647e-03 9.909207462678097933e-01 1.206950298877726926e-05 3.512885374895473021e-06 5.784229949064150743e-08
2.001334222815210229e+00 4.520462677683880306e-04 9.985038042040424999e-01 1.037929737811333665e-03 5.972815246795009293e-06 2.469751292914591843e-07
2.201467645096731207e+00 1.124604107365595983e-02 9.876919490608218055e-01 1.051102745167538941e-03 1.041562879524934132e-05 4.914915574463173821e-07
2.401601067378252186e+00 1.968008478135299839e-03 9.980095083547578794e-01 1.612340373173944087e-05 5.425489343185604366e-06 9.342740305845231647e-07
2.601734489659773164e+00 6.590304006239408249e-03 9.923632656086848192e-01 1.040159949629522722e-03 5.317382344490476564e-06 9.530531003153056288e-07
2.801867911941294143e+00 8.218844485405980491e-03 9.907123849520825809e-01 1.058736190414994545e-03 9.281205892490099145e-06 7.531662027151066664e-07
3.002001334222815121e+00 9.233369118042640067e-04 9.990481744504868811e-01 2.000830546286215677e-05 7.981933940859731300e-06 4.983983029385154147e-07
3.202134756504336099e+00 1.140018698137481613e-02 9.875554866115567876e-01 1.039852752573562893e-03 4.300733912673627887e-06 1.729205796217023030e-07
3.402268178785857078e+00 1.341237429146148637e-03 9.975869483383942304e-01 1.063705179783589133e-03 8.084321805044469278e-06 2.473086784299480919e-08
3.602401601067378056e+00 7.576671260560567146e-03 9.923886169096312049e-01 2.397929119918095086e-05 1.060722328907795069e-05 1.253153163181563108e-07
3.802535023348899035e+00 7.304465027916535839e-03 9.916524514465477891e-01 1.039789287149456287e-03 2.874127513377824869e-06 4.201108689912666637e-07
4.002668445630420457e+00 1.537489560214837150e-03 9.973915852606292098e-01 1.063162917094176516e-03 7.128123654331584632e-06 6.341384038565120563e-07
4.202801867911941436e+00 1.138729898960716587e-02 9.885704284873265690e-01 2.860942616368782483e-05 1.270609290293387423e-05 9.570039964107466014e-07
4.402935290193462414e+00 8.533484818068407104e-04 9.981049935776713511e-01 1.038969576868362804e-03 1.701968885143298352e-06 9.863947657278665890e-07
4.603068712474983393e+00 8.482816665741306494e-03 9.904489123991697674e-01 1.061880990309196048e-03 5.763674879382558630e-06 6.262698978197417633e-07
4.803202134756504371e+00 6.367033752945374693e-03 9.935838678567554538e-01 3.430892248035096099e-05 1.446160787399973502e-05 3.278599413807989312e-07
5.003335557038025350e+00 2.287414841556319623e-03 9.966774795643436047e-01 1.034095976393818511e-03 8.874139296287858973e-07 1.222037729356286433e-07
5.203468979319546328e+00 1.117759032786786247e-02 9.877522024970694092e-01 1.065710679051780612e-03 4.461889953494336774e-06 3.460605312729629288e-08
5.403602401601067307e+00 5.295250782592029202e-04 9.994136075200410474e-01 4.093222864805154258e-05 1.562437967998450252e-05 3.107933673565409733e-07
5.603735823882588285e+00 9.317763617133477741e-03 9.896565231729415046e-01 1.024274476395706235e-03 9.538786296063737002e-07 4.848548960310472279e-07
5.803869246164109263e+00 5.406724480802759490e-03 9.935137922775552077e-01 1.075358177143847117e-03 3.387276752644176290e-06 7.377877431687326254e-07
6.004002668445630242e+00 3.137504124045176201e-03 9.967970419152608619e-01 4.791688228811307251e-05 1.636291257352461096e-05 1.174165830117713703e-06
6.204136090727151220e+00 1.081527536788604374e-02 9.881674159194102636e-01 1.014563228961084260e-03 1.938354838395336763e-06 8.071289021738255497e-07
6.404269513008672199e+00 3.716384840140476813e-04 9.985386044440782705e-01 1.087254307774741195e-03 2.053886593304123268e-06 4.488775369222562910e-07
6.604402935290193177e+00 1.004234852463189304e-02 9.898858598145705567e-01 5.462080027225534642e-05 1.685019716551407852e-05 3.206633571035088179e-07
6.804536357571714156e+00 4.465908897618471943e-03 9.945210767148574549e-01 1.009735542876277455e-03 3.226215882536165434e-06 5.262876233487207145e-08
7.004669779853235134e+00 4.060164972344975157e-03 9.948406060396769446e-01 1.097874792594290532e-03 1.219778497172080866e-06 1.344168835566191823e-07
7.204803202134756113e+00 1.032023113794711643e-02 9.896029141708582166e-01 6.047449373681127994e-05 1.601920297745939846e-05 3.609944780093408113e-07
7.404936624416277091e+00 3.845066843953819547e-04 9.986023691698943106e-01 1.007651669303364717e-03 4.887851815441374942e-06 5.846245896385995533e-07
7.605070046697798070e+00 1.061480799935652329e-02 9.882745190723699613e-01 1.108391648635068854e-03 1.273394252631920528e-06 1.007885383211690198e-06
7.805203468979319048e+00 3.591696580434663565e-03 9.963285836330919576e-01 6.482975304081538574e-05 1.387336902892216382e-05 1.016664401435434309e-06
8.005336891260840915e+00 5.044388749095287013e-03 9.939438097350670187e-01 1.004867568811751823e-03 6.313636501930480252e-06 6.203105219488467951e-07
8.205470313542361893e+00 9.673745173075280757e-03 9.892036138689035418e-01 1.120332934573582294e-03 1.850981620002764261e-06 4.570418257159754811e-07
8.405603735823882872e+00 5.660276600636093272e-04 9.993549616249104428e-01 6.720768905701734542e-05 1.162702321172934645e-05 1.760027553799450748e-07
8.605737158105403850e+00 1.105339127382171105e-02 9.879374358117181121e-01 1.002129042783756613e-03 6.980321942688322772e-06 6.354973281430590090e-08
8.805870580386924829e+00 2.788923367045746237e-03 9.960782840183354248e-01 1.129582802593563076e-03 3.003930813298771831e-06 2.058812100737660710e-07
9.006004002668445807e+00 6.038327400459829811e-03 9.938834304746315684e-01 6.830423862978719698e-05 9.449432176212509916e-06 4.884541006902999887e-07
9.206137424949966785e+00 8.921569862924546776e-03 9.900675417919747590e-01 1.002124142211702337e-03 7.956595194048677621e-06 8.076076933651342638e-07
9.406270847231487764e+00 9.084720398316512274e-04 9.979538648442903837e-01 1.132475723192290966e-03 4.215403361246518911e-06 9.719893225174214969e-07
9.606404269513008742e+00 1.133299751324975783e-02 9.885887076934013473e-01 7.004353490921629303e-05 7.332317590643474566e-06 9.189408470169807314e-07
9.806537691794529721e+00 2.086889314955340646e-03 9.968976099828852355e-01 1.005552148604871516e-03 9.379252750533397873e-06 5.693008025877993011e-07
1.000667111407605070e+01 7.006657247759349831e-03 9.918562899518060805e-01 1.131516473652370743e-03 5.238867694726996367e-06 2.974590863190158331e-07
1.020680453635757168e+01 8.099478457365732326e-03 9.918207706591875006e-01 7.428018427471877547e-05 5.359925856193658740e-06 1.107733147726818075e-07
1.040693795863909266e+01 1.409648051594603697e-03 9.975705276678445976e-01 1.009064557952197953e-03 1.064286168230582623e-05 1.168609249186012547e-07
1.060707138092061363e+01 1.142049054213675925e-02 9.874406971045190939e-01 1.132019187532661659e-03 6.422405926143546905e-06 3.707598836296747821e-07
1.080720480320213461e+01 1.522056525979475832e-03 9.983920615071728566e-01 8.204032745149489520e-05 3.204836806628317292e-06 6.368025878900945658e-07
1.100733822548365559e+01 7.953557580808878411e-03 9.910235432795371224e-01 1.010242261790093030e-03 1.179746917771317084e-05 8.594086844549032082e-07
1.120747164776517657e+01 7.203582912087730036e-03 9.916508411508758725e-01 1.137120179304797500e-03 7.373147304938662686e-06 1.082610425414988160e-06
1.140760507004669755e+01 2.048000709229530047e-03 9.978564885261224093e-01 9.335462758003854283e-05 1.348331390865793897e-06 8.078056765649650102e-07
1.160773849232821853e+01 1.135579206289522199e-02 9.876192238164970272e-01 1.012574319418028512e-03 1.202029238685528225e-05 3.895088023846018680e-07
1.180787191460973951e+01 1.100641480848195105e-03 9.977462292994920823e-01 1.144603499296303634e-03 8.272148013766438145e-06 2.535723492634931674e-07
1.200800533689126048e+01 8.833691054188080524e-03 9.910586467856639104e-01 1.072210360790980786e-04 3.676017327837039126e-07 7.352233522034112813e-08
1.220813875917278146e+01 6.281373269451775813e-03 9.926880575428173037e-01 1.019281373515986940e-03 1.103396931826957546e-05 2.538448959565327847e-07
1.240827218145430244e+01 2.804047459175514501e-03 9.960349933125947075e-01 1.150958828447251657e-03 9.559104004753756203e-06 4.412957771497603962e-07
1.260840560373582342e+01 1.114027677455275284e-02 9.887369825049429073e-01 1.219732769086201446e-04 8.183522652753919077e-08 6.856083682909218489e-07
1.280853902601734440e+01 8.344151086826172943e-04 9.981270046403456497e-01 1.027493417093773998e-03 9.997256391898412138e-06 1.089577484930231036e-06
1.300867244829886538e+01 9.605092473934274608e-03 9.892255129166255267e-01 1.157911062494403715e-03 1.051580172960387350e-05 9.677452155130720761e-07
1.320880587058038635e+01 5.374107927203570362e-03 9.944896783328814882e-01 1.350387781662506245e-04 6.017912190120318042e-07 5.731705283244215592e-07
1.340893929286190733e+01 3.663611011532407619e-03 9.952952172068937342e-01 1.031867037624317404e-03 8.910958811584865751e-06 3.937851367587298873e-07
1.360907271514342831e+01 1.074566169328732869e-02 9.880753526471680592e-01 1.167804605151457308e-03 1.101617216882684087e-05 1.648822229865194395e-07
1.380920613742494929e+01 7.310778645205253789e-04 9.991237458648337677e-01 1.430876439680026958e-04 1.959713587301940464e-06 1.289130890738861972e-07
1.400933955970647027e+01 1.027618724827979169e-02 9.886856211360209867e-01 1.030343952599333370e-03 7.511848803967400479e-06 3.358142943710166301e-07
1.420947298198799125e+01 4.479428343435026653e-03 9.943319098466161243e-01 1.177171114672676596e-03 1.098924046191640482e-05 5.014548130903951139e-07
1.440960640426951223e+01 4.578533224849037908e-03 9.952721050924301371e-01 1.444943511873391674e-04 3.911278919052531724e-06 9.560526134396388892e-07
1.460973982655103320e+01 1.021526701664115036e-02 9.887510806558486021e-01 1.026343312399148307e-03 6.282878567912128580e-06 1.026136541511527116e-06
1.480987324883255418e+01 7.851398411251985909e-04 9.980239482403087115e-01 1.180444234528279937e-03 9.708619481588850041e-06 7.590645541027064751e-07
1.501000667111407516e+01 1.080907729181178334e-02 9.890430741724937080e-01 1.409925024683806997e-04 6.291149056544628493e-06 5.648841668406100397e-07
1.521014009339559614e+01 3.634333218909838615e-03 9.953370779647059408e-01 1.023270977464491678e-03 5.038405760054940722e-06 2.794331569189968350e-07
1.541027351567711712e+01 5.517842660852852708e-03 9.932972959178530958e-01 1.176649297123031571e-03 8.088370143803507459e-06 1.237540243381473501e-07
1.561040693795863810e+01 9.573790014627565209e-03 9.902814242540330936e-01 1.361081483232434903e-04 8.446512549401938346e-06 2.310704635785849418e-07
1.581054036024015907e+01 9.995038791049083368e-04 9.979768239056605594e-01 1.019378506536743577e-03 3.807934961073841873e-06 4.857737339676666156e-07
1.601067378252168183e+01 1.116833873903432667e-02 9.876522345508832457e-01 1.171576472330463498e-03 7.108094188730978696e-06 7.421435603880064141e-07
1.621080720480320281e+01 2.884209365136358207e-03 9.969710455796657600e-01 1.334416563720424505e-04 1.028778934160628181e-05 1.015609481382201221e-06
1.641094062708472379e+01 6.480190406028235595e-03 9.925020529352575060e-01 1.013907507903959865e-03 2.841457689463793276e-06 1.007693118238868294e-06
1.661107404936624476e+01 8.813547937329566095e-03 9.900076190858776437e-01 1.171868986745844277e-03 6.230342018646464060e-06 7.336480256253920502e-07
1.681120747164776574e+01 1.370885961602283116e-03 9.984799115848770334e-01 1.363505802915754327e-04 1.243924685397367610e-05 4.126263724851824620e-07
1.701134089392928672e+01 1.138796692741739398e-02 9.875987046082206344e-01 1.011302944810220893e-03 1.814727180707729365e-06 2.107923689573587610e-07
1.721147431621080770e+01 2.241795631620900533e-03 9.965741320513913371e-01 1.178432115779722705e-03 5.500104491111890891e-06 1.400967150110794943e-07
1.741160773849232868e+01 7.424684542247466518e-03 9.924130865661981993e-01 1.474209777330840517e-04 1.443258475879847644e-05 3.753290608106832079e-07
1.761174116077384966e+01 7.989333315482400125e-03 9.909933799461522197e-01 1.015539502323426760e-03 1.130772508091716144e-06 6.164635319344594527e-07
1.781187458305537064e+01 1.895806332591665243e-03 9.969082348732732912e-01 1.190381635858108042e-03 4.779245572793576329e-06 7.979127022965101668e-07
1.801200800533689161e+01 1.146015767391174271e-02 9.883557334096912950e-01 1.672821012177977764e-04 1.565185669139842708e-05 1.174958486238941372e-06
1.821214142761841259e+01 1.734452927659799063e-03 9.972373073403361099e-01 1.026032330156271535e-03 1.257302635995173231e-06 9.500992108648028619e-07
1.841227484989993357e+01 8.320665013908910140e-03 9.904660580153507032e-01 1.209317926043619292e-03 3.421697218374646551e-06 5.373474772448534921e-07
1.861240827218145455e+01 7.140981196872456076e-03 9.926491411874583948e-01 1.933840704078913265e-04 1.611221472474021714e-05 3.813305353569863990e-07
1.881254169446297553e+01 2.565683588412840180e-03 9.963946725783896508e-01 1.037498991053330526e-03 1.982634408562095896e-06 1.622077351778932878e-07
1.901267511674449651e+01 1.135488123181525345e-02 9.874071244598440211e-01 1.235649741974396759e-03 2.148126775005282581e-06 1.964395909231849670e-07
1.921280853902601748e+01 1.381944344843561876e-03 9.983823706482811700e-01 2.197443320292806587e-04 1.548997500457422596e-05 4.506998410632937807e-07
1.941294196130753846e+01 9.166242896701275525e-03 9.897853571174243248e-01 1.044398668028909734e-03 3.406961430628232699e-06 5.943564147356687063e-07
1.961307538358905944e+01 6.258008054634413113e-03 9.924744471221955688e-01 1.265016084824242999e-03 1.545786978803205844e-06 9.829513665466997631e-07
1.981320880587058042e+01 3.336599612907721526e-03 9.964089229123048730e-01 2.392103640911176152e-04 1.417064786983137915e-05 1.096462826070845670e-06
2.001334222815210140e+01 1.110207477038344798e-02 9.878450237211647833e-01 1.047206032074619615e-03 5.027781327371368132e-06 6.676950489152838046e-07
2.021347565043362238e+01 1.173626280188916652e-03 9.975368564688131823e-01 1.287496587810266126e-03 1.510937317437853311e-06 5.097258695882123909e-07
2.041360907271514336e+01 9.904718039867272533e-03 9.898346547116638749e-01 2.474845075172058505e-04 1.285391444092803444e-05 2.888265103226732494e-07
2.061374249499666433e+01 5.371190166943868097e-03 9.935748207162555801e-01 1.047534615567134514e-03 6.275228493044117277e-06 1.792727392807203237e-07
2.081387591727818531e+01 4.174666623843107868e-03 9.945283068386171488e-01 1.294363268765572495e-03 2.345225998502651458e-06 3.180427742266846632e-07
2.101400933955970629e+01 1.070049692724760020e-02 9.890433820325650327e-01 2.445975264226523120e-04 1.100296686502704398e-05 5.205468984061445787e-07
2.121414276184122727e+01 1.107730392299797811e-03 9.978421478636336772e-01 1.041606574929128870e-03 7.660868103895481342e-06 8.543010325242973584e-07
2.141427618412274825e+01 1.049402255986075540e-02 9.882132955045885847e-01 1.288057333029192768e-03 3.596803816690308022e-06 1.027798703779995781e-06
2.161440960640426923e+01 4.517721903209752365e-03 9.952400328619812608e-01 2.327858826697930792e-04 8.551975680730708541e-06 9.073764579800615115e-07
2.181454302868579020e+01 5.068203916457758064e-03 9.938950033506906978e-01 1.027221052252526778e-03 8.932370824754470309e-06 6.393097734552897869e-07
2.201467645096731118e+01 1.013427143826192353e-02 9.885842251520515767e-01 1.276499075752919078e-03 4.604794340245065851e-06 3.995395922885895169e-07
2.221480987324883216e+01 1.189554628827538653e-03 9.985876984353221353e-01 2.162374243535682453e-04 6.288447362984554965e-06 2.210641321635123279e-07
2.241494329553035314e+01 1.095937369190968375e-02 9.880205513437669840e-01 1.010141862050017297e-03 9.659898827308490798e-06 2.732034444024432308e-07
2.261507671781187412e+01 3.711247403418015123e-03 9.950198065381913315e-01 1.262991267767691250e-03 5.466293134435075456e-06 4.884974868035841270e-07
2.281521014009339510e+01 5.980068053045261602e-03 9.938119973948390529e-01 2.028544270533766088e-04 4.288339484354292453e-06 7.917855761035510127e-07
2.301534356237491608e+01 9.464669654728783549e-03 9.895242034234781325e-01 9.995725733484236465e-04 1.055729640691239552e-05 9.970520353931616927e-07
2.321547698465643705e+01 1.429427446982814301e-03 9.973123878034984013e-01 1.250943546229658530e-03 6.104654192553148123e-06 1.136549094306651171e-06
2.341561040693795803e+01 1.128602714300288266e-02 9.885088366477681188e-01 2.015948701415541146e-04 2.597796345591625102e-06 9.435427391928380354e-07
2.361574382921947901e+01 3.000903199160328064e-03 9.959857357592518667e-01 1.001398464491933329e-03 1.143839965406617641e-05 5.241774390703485217e-07
2.381587725150099999e+01 6.896448015368754347e-03 9.918484566915640732e-01 1.247807566245521475e-03 6.932025537771186724e-06 3.557012813416705157e-07
2.401601067378252097e+01 8.734008465632553050e-03 9.910469942745910865e-01 2.174147377080791965e-04 1.373515600151348595e-06 2.090064664686981460e-07
2.421614409606404195e+01 1.839717863885449115e-03 9.971330962235184225e-01 1.015153861310063828e-03 1.168456913809983339e-05 3.474821460252599927e-07
2.441627751834556292e+01 1.145470251707447068e-02 9.872760890132524780e-01 1.260237561972611881e-03 8.365284596214267787e-06 6.056231018434768037e-07
2.461641094062708390e+01 2.430565756410402178e-03 9.973187759820845155e-01 2.493855667363440234e-04 4.721186822919316044e-07 8.005760838800092814e-07
2.481654436290860488e+01 7.823889555685111311e-03 9.911264854041724748e-01 1.037074830816318979e-03 1.142663600616365223e-05 1.123573317793739550e-06
2.501667778519012586e+01 7.939462554302131533e-03 9.907599441456812484e-01 1.289830951395967706e-03 9.607632425511268578e-06 1.154716192848255226e-06
2.521681120747164684e+01 2.401912612369013107e-03 9.973064479861843967e-01 2.906937608794900188e-04 2.272219332371067730e-07 7.184186313824041486e-07
2.541694462975316782e+01 1.149729382529694061e-02 9.874275050562991707e-01 1.064455783161899873e-03 1.025400843648384735e-05 4.913268025193320856e-07
2.561707805203468880e+01 1.998529985118597564e-03 9.966618211944918704e-01 1.328916315016771430e-03 1.040803065516440915e-05 3.244747142684310874e-07
2.581721147431620977e+01 8.705248076785078795e-03 9.909624201723230552e-01 3.312603620047632389e-04 8.576478480417173082e-07 2.137410361941500427e-07
2.601734489659773075e+01 7.115275335717262915e-03 9.917824826139008954e-01 1.093478549303297234e-03 8.341167737881283607e-06 4.223333364349302180e-07
2.621747831887925173e+01 3.085565228279301894e-03 9.955396159840922410e-01 1.363485724947760460e-03 1.079413217605688203e-05 5.389304999825521102e-07
2.641761174116077271e+01 1.138891937177756962e-02 9.882455948129255097e-01 3.624691498306732338e-04 2.110453089461310591e-06 9.062123725676096834e-07
2.661774516344229369e+01 1.700164303894017475e-03 9.971764962855733661e-01 1.115421238546209599e-03 6.848997927437251731e-06 1.069174054814464927e-06
2.681787858572381467e+01 9.485968033199718152e-03 9.891179759474936217e-01 1.385062104946256385e-03 1.018478924634162241e-05 8.091251100836548163e-07
2.701801200800533564e+01 6.276134802223246219e-03 9.933418230397947912e-01 3.774620262198900953e-04 3.973140613303470690e-06 6.069911449291714577e-07
2.721814543028685662e+01 3.858818763159705973e-03 9.950150185860643370e-01 1.119915104663137071e-03 5.847737261272937198e-06 3.998088482816095845e-07
2.741827885256837760e+01 1.108656431323402913e-02 9.875114966854658949e-01 1.392536852219763933e-03 9.137153250114967763e-06 2.649958267781787012e-07
2.761841227484989858e+01 1.529460394293951937e-03 9.980929618994689445e-01 3.709807824364571801e-04 6.235445814477026095e-06 3.614779823047344661e-07
2.781854569713141956e+01 1.016156044661866223e-02 9.887283700368184602e-01 1.104568885228162907e-03 4.943328989859867806e-06 5.573023407970210108e-07
2.801867911941294054e+01 5.408841433613992104e-03 9.931979781564191923e-01 1.384149270839573958e-03 8.236185714786306268e-06 7.949534082962859665e-07
2.821881254169446152e+01 4.672593451079930411e-03 9.949723605141227445e-01 3.453376969362231190e-04 8.638797200630015687e-06 1.069540656580438834e-06
2.841894596397598249e+01 1.063273054665836090e-02 9.882837487572225799e-01 1.078481836252904438e-03 4.042181157280022492e-06 9.966787050480672827e-07
2.861907938625750347e+01 1.484893128132364895e-03 9.971486663398939632e-01 1.358668551817755494e-03 6.996094285394116960e-06 7.758858670273020266e-07
2.881921280853902445e+01 1.069911561645227847e-02 9.889767224441960991e-01 3.125768737028801827e-04 1.107733822244631412e-05 5.077274232574737465e-07
2.901934623082054543e+01 4.563938818298004900e-03 9.943808260679773969e-01 1.052074110629206381e-03 2.833658909585202348e-06 3.273441829091143160e-07
2.921947965310206641e+01 5.517026359748320070e-03 9.931523460979432283e-01 1.324463596050951984e-03 5.845181398443492081e-06 3.187648561241662583e-07
2.941961307538358739e+01 1.006299663517371858e-02 9.896362377296911150e-01 2.873336516628124926e-04 1.291629931682666261e-05 5.156841530480825661e-07
2.961974649766510836e+01 1.591276887855722294e-03 9.973757761525975374e-01 1.030449738455613620e-03 1.666382490088109482e-06 8.308385990047895417e-07
2.981987991994662934e+01 1.109120916521073863e-02 9.876032547681138363e-01 1.299400832538256251e-03 5.121427294220300471e-06 1.013806840407113226e-06
3.002001334222815032e+01 3.807568156013605137e-03 9.958963655514389002e-01 2.807231051028626946e-04 1.407428763039370800e-05 1.268899811709856480e-06
3.022014676450967130e+01 6.410966331874189301e-03 9.925674061966411887e-01 1.019397732696695211e-03 1.081482692282063710e-06 1.148256093494533782e-06
3.042028018679119228e+01 9.393575012743793362e-03 9.893029511334936466e-01 1.298541931346401754e-03 4.195842131066887827e-06 7.360802827382528219e-07
3.062041360907271326e+01 1.869033373424199961e-03 9.978167549524230573e-01 2.985650346204879392e-04 1.513452597348115684e-05 5.121135570873176455e-07
3.082054703135423424e+01 1.138464154723436116e-02 9.875879100400367649e-01 1.025980781162579621e-03 1.134482543839799701e-06 3.331490197941181409e-07
3.102068045363575521e+01 3.168349938724101915e-03 9.955024361319898540e-01 1.325613745091167592e-03 3.269794917414855669e-06 3.303892751135551953e-07
3.122081387591727619e+01 7.323200984407971133e-03 9.923205160648095324e-01 3.399740097019355927e-04 1.569293725653842726e-05 6.160038217638881939e-07
3.142094729819879717e+01 8.684462579703844387e-03 9.902605051891847365e-01 1.052169395326820909e-03 2.106661318334794175e-06 7.561744637980068564e-07
3.162108072048031815e+01 2.321241946085900090e-03 9.963001182130353239e-01 1.374990425076598683e-03 2.582938166986528723e-06 1.066477632067916840e-06
3.182121414276183913e+01 1.155898011761915395e-02 9.880268496142653456e-01 3.976101897996350571e-04 1.527112623896014900e-05 1.288952073257909211e-06
3.202134756504336366e+01 2.669631568536566784e-03 9.962333380445285158e-01 1.092432716003403654e-03 3.713179902149180312e-06 8.844910253065491780e-07
3.222148098732488108e+01 8.217358150085295881e-03 9.903445670186532546e-01 1.435413985500229132e-03 2.001545954171915779e-06 6.592998038706815854e-07
3.242161440960640562e+01 7.949680485209378519e-03 9.915769911382541490e-01 4.588371456063865652e-04 1.401476564856582051e-05 4.764652782236018232e-07
3.262174783188792304e+01 2.922980581688088692e-03 9.959384289584443106e-01 1.132999037992434921e-03 5.277855476163920953e-06 3.135663959538925794e-07
3.282188125416944757e+01 1.156454206282358024e-02 9.869384715640787675e-01 1.494556784846467730e-03 2.020994887496465055e-06 4.085933609536589306e-07
3.302201467645096500e+01 2.306049978398875058e-03 9.971751469064623619e-01 5.064049309028360564e-04 1.184393336805920944e-05 5.542508644630791466e-07
3.322214809873248953e+01 9.066070580668161849e-03 9.897676726381066103e-01 1.158632394058640037e-03 6.820095245111392185e-06 8.042919183919921111e-07
3.342228152101400696e+01 7.150720951704706528e-03 9.913051384267114186e-01 1.540453491213360140e-03 2.658333714309300150e-06 1.028796652806552957e-06
3.362241494329553149e+01 3.610215486210442953e-03 9.958549618782331914e-01 5.245920753029943576e-04 9.307771184597681409e-06 9.227890657132987430e-07
3.382254836557704891e+01 1.140691551179161961e-02 9.874198090959516172e-01 1.164516453213053446e-03 8.087908567502583978e-06 6.710304735680654148e-07
3.402268178785857344e+01 2.044468654680911286e-03 9.963942191748961230e-01 1.557284617453620059e-03 3.517597158874113080e-06 5.099558079639363899e-07
3.422281521014009087e+01 9.794871078953191340e-03 9.896879488168206507e-01 5.095672385058116127e-04 7.269770248863008743e-06 3.430954684983177081e-07
3.442294863242161540e+01 6.304743698731626184e-03 9.925331238029723169e-01 1.152676316070095491e-03 9.021365106119854299e-06 4.348171163227568148e-07
3.462308205470313283e+01 4.344390224676908212e-03 9.941154485511426442e-01 1.534964076869949415e-03 4.620427302260382152e-06 5.767200047807427260e-07
3.482321547698465736e+01 1.107278253106792724e-02 9.884503433208072787e-01 4.705794521179051753e-04 5.462475919292209639e-06 8.322200840995239994e-07
3.502334889926617478e+01 1.884027727388576812e-03 9.969812321405806532e-01 1.123283173219701697e-03 1.035739240457519393e-05 1.099566403067929945e-06
3.522348232154769931e+01 1.037485674912240648e-02 9.881335091649035007e-01 1.484942857898579813e-03 5.582875792924847968e-06 1.108352278648337388e-06
3.542361574382921674e+01 5.453472433455264744e-03 9.941201137851661818e-01 4.217981593117647106e-04 3.654843714138699635e-06 9.607783486278106502e-07
3.562374916611074127e+01 5.127894804229291698e-03 9.937779809227580419e-01 1.081791566107626187e-03 1.168852906151714945e-05 6.441778397047956654e-07
3.582388258839225870e+01 1.056975589193454718e-02 9.879936386995639142e-01 1.429900065883980571e-03 6.256106946461917256e-06 4.492356673842307379e-07
3.602401601067378323e+01 1.854022774738864517e-03 9.977643077334292787e-01 3.790978494026910387e-04 2.185292465775315671e-06 3.863499594518639388e-07
3.622414943295530065e+01 1.085514244116306606e-02 9.880874695980447209e-01 1.044670595686027128e-03 1.218397014118165442e-05 5.333949617738070386e-07
3.642428285523682518e+01 4.639695774200724467e-03 9.939659504884033048e-01 1.386522950022524465e-03 6.985735734804952470e-06 8.450516351079094183e-07
3.662441627751834261e+01 5.952941142337231199e-03 9.936846715096107063e-01 3.602446207368722379e-04 1.071329811527802165e-06 1.071397500524171366e-06
3.682454969979986714e+01 9.988909639521446893e-03 9.889681420631848408e-01 1.029575758133336296e-03 1.206255088238850590e-05 1.309988275456504895e-06
3.702468312208138457e+01 1.995141440127403461e-03 9.966276850754569594e-01 1.368030557005534692e-03 7.739804268337741489e-06 1.403123139531291396e-06
3.722481654436290910e+01 1.123919239343041526e-02 9.883812184635901721e-01 3.782004935258296099e-04 4.038746465280562689e-07 9.847748046414546156e-07
3.742494996664442652e+01 3.940069606602332637e-03 9.950031958078477956e-01 1.044769601849347999e-03 1.128285283569711247e-05 6.821308622162563368e-07
3.762508338892595106e+01 6.827012295795872529e-03 9.917788010273828059e-01 1.384801563239334253e-03 8.839716578495471116e-06 5.453970019195724521e-07
3.782521681120746848e+01 9.376969653263287838e-03 9.901882079006050219e-01 4.340975075978621678e-04 3.470602039964446166e-07 3.778783275702659498e-07
3.802535023348899301e+01 2.331562861002444385e-03 9.965711903948837325e-01 1.086774347039376606e-03 9.882800710534158341e-06 5.895963616532891625e-07
3.822548365577051044e+01 1.150971044274268912e-02 9.870414358235464203e-01 1.437839020630644329e-03 1.025300391017067960e-05 7.617091673859789962e-07
3.842561707805203497e+01 3.394402497443106594e-03 9.960875734965096706e-01 5.160792116285803453e-04 9.297657367145351675e-07 1.015028678719683317e-06
3.862575050033355240e+01 7.744368339939152086e-03 9.911023422767903934e-01 1.143563806180750413e-03 8.463625963578668351e-06 1.261951122698872367e-06
3.882588392261507693e+01 8.712985942907685438e-03 9.897566219665488996e-01 1.518366504584593019e-03 1.091978398016253033e-05 1.105801975879656772e-06
3.902601734489659435e+01 2.831575850547317710e-03 9.965642278852175906e-01 6.010918580502725393e-04 2.313800883834330107e-06 7.906052981530566832e-07
3.922615076717811888e+01 1.166798212008582879e-02 9.871233643218444431e-01 1.201088758710715677e-03 6.968712150967737796e-06 5.960872053839022896e-07
3.942628418945963631e+01 2.972479887428436818e-03 9.954114213727087712e-01 1.604935714700707729e-03 1.069483679065797299e-05 4.681883683525980262e-07
3.962641761174116084e+01 8.620586086785670191e-03 9.907103771490471944e-01 6.643654806018066015e-04 4.227136107295729217e-06 4.441474544982984639e-07
3.982655103402267827e+01 7.995984822051027327e-03 9.907508391401581571e-01 1.247161077386059035e-03 5.439311440006615912e-06 5.756489614609031176e-07
4.002668445630420280e+01 3.439239076254017174e-03 9.948835928817796326e-01 1.666504910700623279e-03 9.906234595979687986e-06 7.568966662364069856e-07
4.022681787858572022e+01 1.165163012057512243e-02 9.876494939496365255e-01 6.916560227781500458e-04 6.195050987429347835e-06 1.024856019145106000e-06
4.042695130086724475e+01 2.640712532550943369e-03 9.960851621371847875e-01 1.268818749360367494e-03 4.337567754846801185e-06 9.690131456622329033e-07
4.062708472314876218e+01 9.386148296921264025e-03 9.889209510030949613e-01 1.683691636841202783e-03 8.423754386933591300e-06 7.853087519193854474e-07
4.082721814543028671e+01 7.209580805368967851e-03 9.921031638649350226e-01 6.784604370046530379e-04 8.211701149123363060e-06 5.831915394396068113e-07
4.102735156771180414e+01 4.106499632838754056e-03 9.946353818675841563e-01 1.254248516810051476e-03 3.438597645543920751e-06 4.313851187258724801e-07
4.122748498999332867e+01 1.141305614304083740e-02 9.869205346398730594e-01 1.658866356132312168e-03 7.061839824023270881e-06 4.810211264926087496e-07
4.142761841227484609e+01 2.384484257815551542e-03 9.969780410438948692e-01 6.266667323796484704e-04 1.020747340668881522e-05 6.004925008853720029e-07
4.162775183455637062e+01 1.003785269795696294e-02 9.887524784312972104e-01 1.206222734419888035e-03 2.548748753895478976e-06 8.973875702070321011e-07
4.182788525683788805e+01 6.347456735374518676e-03 9.920427486128164940e-01 1.602337954978698235e-03 6.336445022621245370e-06 1.120251806283592748e-06
4.202801867911941258e+01 4.798298357580721429e-03 9.946361959338214653e-01 5.520482250932596483e-04 1.221011714783288225e-05 1.247366354917900423e-06
4.222815210140093001e+01 1.101556115408384995e-02 9.878359547036619226e-01 1.145533162175202315e-03 1.783601520970811319e-06 1.167378556035328015e-06
4.242828552368245454e+01 2.225084127877969935e-03 9.962415192779213724e-01 1.527032766548266701e-03 5.515009862184908264e-06 8.488177885652489842e-07
4.262841894596397196e+01 1.056774755544999216e-02 9.889334204476361023e-01 4.840346134870584030e-04 1.420260662067791865e-05 5.947768044952950347e-07
4.282855236824549650e+01 5.496028554483662135e-03 9.934084947089100170e-01 1.093763285096592368e-03 1.201208777526883509e-06 5.122427300095924791e-07
4.302868579052701392e+01 5.540495723108072867e-03 9.929966820677215145e-01 1.457716850603100718e-03 4.542657349107585797e-06 5.627012154166751900e-07
4.322881921280853845e+01 1.052334599551617116e-02 9.890099894620073551e-01 4.504256198656490556e-04 1.538431067847696024e-05 8.546119291837951484e-07
4.342895263509005588e+01 2.224801078075085668e-03 9.967090071839910248e-01 1.063828563338902822e-03 1.249935690357260038e-06 1.113238901562802113e-06
4.362908605737158041e+01 1.100376862256934735e-02 9.875658144261834082e-01 1.425452308829190965e-03 3.622240180410841770e-06 1.342402234273711187e-06
4.382921947965309784e+01 4.751790479685586918e-03 9.947647096950538170e-01 4.664650180477069924e-04 1.545646456069048636e-05 1.578342649614335220e-06
4.402935290193462237e+01 6.374421704393972744e-03 9.925567769320667866e-01 1.065522332220351660e-03 2.033696266196566185e-06 1.245335049807230597e-06
4.422948632421613979e+01 9.975588875409488465e-03 9.885722246099207799e-01 1.448644101346415001e-03 2.631253887213377153e-06 9.111594337366062898e-07
4.442961974649766432e+01 2.426164212761088446e-03 9.970262005555178275e-01 5.319571610662184166e-04 1.493962931528026521e-05 7.384413378929627988e-07
4.462975316877918175e+01 1.139307140103313146e-02 9.875001678291249751e-01 1.103013923777296972e-03 3.233439896780205139e-06 5.134061668076967950e-07
4.482988659106070628e+01 4.149672683685662854e-03 9.943219164308940705e-01 1.525683717147680333e-03 2.120675397415878235e-06 6.064928742065902997e-07
4.503002001334222371e+01 7.265619728044711394e-03 9.920888564668529641e-01 6.309915591344228067e-04 1.373437724501786360e-05 7.978687218638757238e-07
4.523015343562374824e+01 9.415517163423947969e-03 9.894091641168030193e-01 1.169447729587207814e-03 4.925230546019774335e-06 9.457596388299104179e-07
4.543028685790526566e+01 2.822132837102777920e-03 9.955376407713907305e-01 1.636597051098001099e-03 2.372308292135101904e-06 1.257032115464723908e-06
4.563042028018679019e+01 1.168088589463605470e-02 9.875673390421003672e-01 7.387379004617759424e-04 1.179628701499630360e-05 1.240875786450490970e-06
4.583055370246830762e+01 3.686144773009293434e-03 9.950579056796595712e-01 1.248327474630203660e-03 6.727176547989066282e-06 8.948961517909495328e-07
4.603068712474983215e+01 8.153344778108580909e-03 9.900943421645196363e-01 1.748459382899415250e-03 3.109730809125561527e-06 7.439436625067907965e-07
4.623082054703134958e+01 8.806759010517282299e-03 9.903544491495100965e-01 8.286673642462610281e-04 9.568981879019897022e-06 5.554938465382853433e-07
4.643095396931287411e+01 3.355373920483168022e-03 9.953220824592569071e-01 1.313843373301351938e-03 8.170305057002577064e-06 5.299419006777764442e-07
4.663108739159439153e+01 1.178344008267813957e-02 9.863791774987429317e-01 1.832584842109982173e-03 4.204858271571200164e-06 5.927181968335327214e-07
4.683122081387591606e+01 3.312960200345474362e-03 9.958053258715985345e-01 8.738585516672424131e-04 7.091130435263792463e-06 7.642459525516791870e-07
4.703135423615743349e+01 8.979822756563211536e-03 9.896679932899331567e-01 1.341614403485535652e-03 9.544443130470772453e-06 1.025106886782520938e-06
4.723148765843895802e+01 8.076525638860130793e-03 9.900452584326977501e-01 1.872103561478266837e-03 5.086547660102638382e-06 1.025819303104758305e-06
4.743162108072047545e+01 3.939840141079985376e-03 9.951979407911335507e-01 8.566015900298436887e-04 4.703089944622819797e-06 9.143878123429342339e-07
4.763175450300199998e+01 1.168890536737813429e-02 9.869725972668559333e-01 1.327109699363573925e-03 1.069928856702827811e-05 6.883778363867602323e-07
4.783188792528351740e+01 2.978288445287563275e-03 9.951640453230927719e-01 1.851685734125647909e-03 5.454469026799502665e-06 5.260284679288892091e-07
4.803202134756504194e+01 9.668179279075773611e-03 9.895438414559925011e-01 7.844574724678370038e-04 3.011092296239982079e-06 5.107001682166565367e-07
4.823215476984655936e+01 7.244833704683602271e-03 9.914618666854054796e-01 1.281105537518631215e-03 1.152575771170999430e-05 6.683146805437427583e-07
4.843228819212808389e+01 4.546305855939750985e-03 9.936783564539466429e-01 1.768647596912288405e-03 5.775695793267195606e-06 9.143974084103951952e-07
4.863242161440960132e+01 1.139748775256230889e-02 9.879122822449104557e-01 6.872371221121427107e-04 1.833110205242446807e-06 1.159770210449996241e-06
4.883255503669112585e+01 2.702918232691184797e-03 9.960682484793523805e-01 1.214962961596602895e-03 1.250194838912677096e-05 1.368377970918978466e-06
4.903268845897264328e+01 1.022390389556792484e-02 9.881152318380078681e-01 1.653254360865565129e-03 6.240806458202069827e-06 1.369099099364484377e-06
4.923282188125416781e+01 6.383982721237592070e-03 9.930154313939069111e-01 5.985495511914425094e-04 9.575496936777668523e-07 1.078783969261422029e-06
4.943295530353568523e+01 5.208810701417898939e-03 9.936316853935093230e-01 1.145660777096244075e-03 1.304808407966241112e-05 7.950438952456422000e-07
4.963308872581720976e+01 1.096249128081303731e-02 9.874795504842847071e-01 1.550189258112965457e-03 7.080006591119434037e-06 6.889701954913717277e-07
4.983322214809872719e+01 2.558446768947366529e-03 9.968928292392310597e-01 5.475122897622658295e-04 5.786742102893106725e-07 6.330278458662271531e-07
5.003335557038025172e+01 1.072844802740855613e-02 9.881583612550259854e-01 1.099938179502737284e-03 1.236698953792935267e-05 8.855485223695120590e-07
5.023348899266176915e+01 5.581194234234634552e-03 9.929174989333903190e-01 1.491809624565440355e-03 8.311184371462889417e-06 1.186023436246003830e-06
5.043362241494329368e+01 5.954103335353786927e-03 9.934876844123380346e-01 5.560795764953126554e-04 7.578005431546030283e-07 1.374875267314348667e-06
5.063375583722481110e+01 1.050289254483563819e-02 9.883852453050581133e-01 1.099406602178250010e-03 1.081875617734691868e-05 1.636791748243540470e-06
5.083388925950633563e+01 2.617650695694940036e-03 9.958737794610726946e-01 1.497757747498061880e-03 9.251490988717919064e-06 1.560604742464397230e-06
5.103402268178785306e+01 1.119381297833163362e-02 9.881735785469484279e-01 6.299976316098762500e-04 1.509864031901665096e-06 1.100979075397046624e-06
5.123415610406937759e+01 4.930686559127031229e-03 9.939114848881405173e-01 1.148125667197083446e-03 8.816733461216431263e-06 8.861520711863862904e-07
5.143428952635090212e+01 6.797601127672586382e-03 9.916201139026868949e-01 1.571637025220393776e-03 9.904358817456428355e-06 7.435855996181991879e-07
5.163442294863241955e+01 1.004819102187766086e-02 9.891936002507644154e-01 7.548939942910314234e-04 2.674272806399676088e-06 6.404602573710574847e-07
5.183455637091394408e+01 2.900941588877018959e-03 9.958585792086833699e-01 1.232811474929502733e-03 6.861411630336540707e-06 8.063158759891774655e-07
5.203468979319546150e+01 1.158095457729301121e-02 9.867118385128695879e-01 1.695866898389653335e-03 1.035790976592630774e-05 9.821016781883549664e-07
5.223482321547698604e+01 4.442309624868172151e-03 9.946532632026400256e-01 8.990552482142093356e-04 4.127033978725659745e-06 1.244890295392786102e-06
5.243495663775850346e+01 7.702304304559337046e-03 9.909630405135162468e-01 1.327878385584848123e-03 5.504713858718721090e-06 1.272082477957118569e-06
5.263509006004002799e+01 9.533059424590316008e-03 9.886144254478875792e-01 1.841365712604820393e-03 1.005413297825122065e-05 1.095281936148346630e-06
5.283522348232154542e+01 3.343391841725798248e-03 9.956315179312621444e-01 1.018263827481506864e-03 5.998871187944092812e-06 8.275283397648431260e-07
5.303535690460306995e+01 1.184211391815469770e-02 9.867463489564146650e-01 1.406448912208104005e-03 4.457309886742630364e-06 6.309033323863619903e-07
