0.000000000000000000e+00 0.000000000000000000e+00 1.000000000000000000e+00 0.000000000000000000e+00 0.000000000000000000e+00 0.000000000000000000e+00
2.001334222815210062e-01 1.042907749325533776e-02 9.885333193492047421e-01 1.027079028548543273e-03 1.031533822581642224e-05 2.087907660075198574e-07
4.002668445630420124e-01 3.573904957760888536e-03 9.953805443697005817e-01 1.033446275569122790e-03 1.175059897305066038e-05 3.537979960710262419e-07
6.004002668445630464e-01 4.549253998723034459e-03 9.954440689499374217e-01 5.508788765616185444e-06 4.575440055762334194e-07 7.107185676368386945e-07
8.005336891260840249e-01 9.794788263329421221e-03 9.891664108874052008e-01 1.029067035888146884e-03 8.634053621825953955e-06 1.099759755709534149e-06
1.000667111407605114e+00 1.410591777446613211e-04 9.988031003131552232e-01 1.043161011821336576e-03 1.180637817732450688e-05 8.731191010067147416e-07
1.200800533689126093e+00 1.093426147918303594e-02 9.890499019027392258e-01 1.347403533612863926e-05 1.801375648300634006e-06 5.612070929762738896e-07
1.400933955970647071e+00 2.717233244446809470e-03 9.962369742853212085e-01 1.038303581038548190e-03 7.144026620419361058e-06 3.448625729534632641e-07
1.601067378252168050e+00 5.568847593419346681e-03 9.933673422611862813e-01 1.052662624975845163e-03 1.107123612348143388e-05 7.628429458823335047e-08
1.801200800533689028e+00 9.068954972919518118e-03 9.909058790162610375e-01 2.157485730338490248e-05 3.523471407696958144e-06 6.768210805250649195e-08
2.001334222815210229e+00 4.581679827896318409e-04 9.984877605353523755e-01 1.047819649181939939e-03 5.992043649958847882e-06 2.597890259393402511e-07
2.201467645096731207e+00 1.125265042582415664e-02 9.876745249758868139e-01 1.061921599869090124e-03 1.039518818005467674e-05 5.078102396709331158e-07
2.401601067378252186e+00 1.975216793052108483e-03 9.979902325648859485e-01 2.814354571461125752e-05 5.452291166354603371e-06 9.548051808680049505e-07
2.601734489659773164e+00 6.597740013132178012e-03 9.923440526503340964e-01 1.051880895974272034e-03 5.349855895337968695e-06 9.765846634732346090e-07
2.801867911941294143e+00 8.227130040644221529e-03 9.906909364269516072e-01 1.071895428739141204e-03 9.254911477173436056e-06 7.831921868599963655e-07
3.002001334222815121e+00 9.320003336220740800e-04 9.990254798337407927e-01 3.396520301173681331e-05 8.024391928845648190e-06 5.302376957439998249e-07
3.202134756504336099e+00 1.140963226631067605e-02 9.875314831152570694e-01 1.054330506367509579e-03 4.344653748590499305e-06 2.094583147376691050e-07
3.402268178785857078e+00 1.352463177538909284e-03 9.975582475016177009e-01 1.081141226279367946e-03 8.072770609567273665e-06 7.532395283976158427e-08
3.602401601067378056e+00 7.588286998796423682e-03 9.923576233564042059e-01 4.327627500092902162e-05 1.064189380178118078e-05 1.714759948154097111e-07
3.802535023348899035e+00 7.319949774629077970e-03 9.916140005977893690e-01 1.062640476214684986e-03 2.932394424852073822e-06 4.767569399175597188e-07
4.002668445630420457e+00 1.554306940348956561e-03 9.973460428338740691e-01 1.091777306951522298e-03 7.165464706886734996e-06 7.074541173539320858e-07
4.202801867911941436e+00 1.140837454000432662e-02 9.885155558103213558e-01 6.237803208315674704e-05 1.267991477022349338e-05 1.011702819486551761e-06
4.402935290193462414e+00 8.797884618884552720e-04 9.980363381220563879e-01 1.081029841088899110e-03 1.790278473562997370e-06 1.053296492004639539e-06
4.603068712474983393e+00 8.511717151280129290e-03 9.903686331414139898e-01 1.113062462389659496e-03 5.884774198550837140e-06 7.024707169572266592e-07
4.803202134756504371e+00 6.406519510287396815e-03 9.934825002216384204e-01 9.630990901569859918e-05 1.429584837936946120e-05 3.745106785123697608e-07
5.003335557038025350e+00 2.329317625483006554e-03 9.965608007134467705e-01 1.108656127150015741e-03 1.040569184580591598e-06 1.849647351857988017e-07
5.203468979319546328e+00 1.122980462946247468e-02 9.876128837333550958e-01 1.152509455326547862e-03 4.701298755935209104e-06 1.008830991437486836e-07
5.403602401601067307e+00 5.910718877207770750e-04 9.992486488233816022e-01 1.446863743568221428e-04 1.524098492210983265e-05 3.519296168507387020e-07
5.603735823882588285e+00 9.382596699529534984e-03 9.894743672363569553e-01 1.141257987028779577e-03 1.231514469617175793e-06 5.465626131872776026e-07
5.803869246164109263e+00 5.489546312154218802e-03 9.932977184237272716e-01 1.208182186951090161e-03 3.749388472179666860e-06 8.036886935539776420e-07
6.004002668445630242e+00 3.219113782609964690e-03 9.965648228917276530e-01 1.991217541553869227e-04 1.572875122096897154e-05 1.212820283463922537e-06
6.204136090727151220e+00 1.091236935087817189e-02 9.879079600957764162e-01 1.176412610133132763e-03 2.379822116850390411e-06 8.781210929478596944e-07
6.404269513008672199e+00 4.768920418975525666e-04 9.982538315167858167e-01 1.266272140262674666e-03 2.475139182525706199e-06 5.291618685901826020e-07
6.604402935290193177e+00 1.014609952912036428e-02 9.895907243665009734e-01 2.468119143990100072e-04 1.600077130098279861e-05 3.634186757166371143e-07
6.804536357571714156e+00 4.591649652727441272e-03 9.941953754797344667e-01 1.208982012707069710e-03 3.842463008845646901e-06 1.503918189234613282e-07
7.004669779853235134e+00 4.172208962821785140e-03 9.945178451708839296e-01 1.308087925629164991e-03 1.633600845820210919e-06 2.243398161290471669e-07
7.204803202134756113e+00 1.044989310307242562e-02 9.892579897225999286e-01 2.766286700735655986e-04 1.507675874992165441e-05 4.117455010039699405e-07
7.404936624416277091e+00 5.132511389262377514e-04 9.982562199075470932e-01 1.224175510234930568e-03 5.660322972779117574e-06 6.931203162860493627e-07
7.605070046697798070e+00 1.073194276075939077e-02 9.879394431517801722e-01 1.325892293123426529e-03 1.633476395553685677e-06 1.088317938555085127e-06
7.805203468979319048e+00 3.731167966908784453e-03 9.959739217890327678e-01 2.808139905382415818e-04 1.302006558035796983e-05 1.076187937252328294e-06
8.005336891260840915e+00 5.153198071042106553e-03 9.936275274512298417e-01 1.211406447738959564e-03 7.093847524450514566e-06 7.741824608484211727e-07
8.205470313542361893e+00 9.800969058768024822e-03 9.888741736026733786e-01 1.322103275575811773e-03 2.148974873532332573e-06 6.050881047992089162e-07
8.405603735823882872e+00 6.801536326056381934e-04 9.990498111267402948e-01 2.586689859867870463e-04 1.102026250302891114e-05 3.459921599619877456e-07
8.605737158105403850e+00 1.115119494689047024e-02 9.876611712032888901e-01 1.179668994942766882e-03 7.593848191524082198e-06 3.710066820020339041e-07
8.805870580386924829e+00 2.908026201021788812e-03 9.957881576436458104e-01 1.300022269851377425e-03 3.290532383837983598e-06 5.033530930391379124e-07
9.006004002668445807e+00 6.116619252982541388e-03 9.936490276581506631e-01 2.243906226797586509e-04 9.176821823920236105e-06 7.856443592480772320e-07
9.206137424949966785e+00 9.027517560782620520e-03 9.898126041924479868e-01 1.150386112521321023e-03 8.304025361848187895e-06 1.188108882503583888e-06
9.406270847231487764e+00 9.919795826358812022e-04 9.977286586541728175e-01 1.273511249819934011e-03 4.566981914153409417e-06 1.283531453275932347e-06
9.606404269513008742e+00 1.141267132662506650e-02 9.883739597583948155e-01 2.047784041604628518e-04 7.395311560574973329e-06 1.195199255227723702e-06
9.806537691794529721e+00 2.191572473177572783e-03 9.966531779780281042e-01 1.144954041180517440e-03 9.398755577189635236e-06 8.967520325262894086e-07
1.000667111407605070e+01 7.073602597540225648e-03 9.916493248193656296e-01 1.270727651091927693e-03 5.756698954917919119e-06 5.882330434829825749e-07
1.020680453635757168e+01 8.218841579543811546e-03 9.915482769204256863e-01 2.267621454327483450e-04 5.669225707730902237e-06 4.501288858116767332e-07
1.040693795863909266e+01 1.501245743305365402e-03 9.973077283847561203e-01 1.180180258086640458e-03 1.034408349049066567e-05 5.015303566656156285e-07
1.060707138092061363e+01 1.153934292940294801e-02 9.871350927254499696e-01 1.317582580407056485e-03 7.186697150692870605e-06 7.950675849719631692e-07
1.080720480320213461e+01 1.674537413543550780e-03 9.980138661542253820e-01 3.068374381734103326e-04 3.627847518059279621e-06 1.131146535668052759e-06
1.100733822548365559e+01 8.077786575331931396e-03 9.906455121708895861e-01 1.264215119177762667e-03 1.120616168174102315e-05 1.279972914987887990e-06
1.120747164776517657e+01 7.416519527833463458e-03 9.911477523955910529e-01 1.425763960752901962e-03 8.423986314371718985e-06 1.540129504040932406e-06
1.140760507004669755e+01 2.221847203897928807e-03 9.973334736408832057e-01 4.416899782397364950e-04 1.757952286615852109e-06 1.231224689454724395e-06
1.160773849232821853e+01 1.159481653832024339e-02 9.869998006250597644e-01 1.393538483725719358e-03 1.114618649141186503e-05 6.981663997272678068e-07
1.180787191460973951e+01 1.376222167243517942e-03 9.970308569008933253e-01 1.582680473551276038e-03 9.662550871157371746e-06 5.779074380138640122e-07
1.200800533689126048e+01 9.079117673907212416e-03 9.903135935396778500e-01 6.062905873873379852e-04 6.643015634327904170e-07 3.338974613375887862e-07
1.220813875917278146e+01 6.651037800233298297e-03 9.917880105861149875e-01 1.550395461908776187e-03 1.012549583819184557e-05 4.306559014938618452e-07
1.240827218145430244e+01 3.101771890968601543e-03 9.951386344505687154e-01 1.747761084023120078e-03 1.116724582415488568e-05 6.653286127728107690e-07
1.260840560373582342e+01 1.153008126044434423e-02 9.877031325821815644e-01 7.656425940715367272e-04 2.668250347568082150e-07 8.767382657964662522e-07
1.280853902601734440e+01 1.246947028701139324e-03 9.970467554497485230e-01 1.695789809364114855e-03 9.307511334998666314e-06 1.200200849644842765e-06
1.300867244829886538e+01 9.961581087561482972e-03 9.881472738531664746e-01 1.877885987493721921e-03 1.202692792728770340e-05 1.232143848883753787e-06
1.320880587058038635e+01 5.876466164944322418e-03 9.932411187936330821e-01 8.808082688379672556e-04 7.393268549926304596e-07 8.674457267962395671e-07
1.340893929286190733e+01 4.038957429423246231e-03 9.941736533541234433e-01 1.778260371918346204e-03 8.440382816273000449e-06 6.884617159410669313e-07
1.360907271514342831e+01 1.121857206604813702e-02 9.868208306366951232e-01 1.947699806980674559e-03 1.231032986404842024e-05 5.871604093293212478e-07
1.380920613742494929e+01 1.196486722764814438e-03 9.978886669082956962e-01 9.120938674456950234e-04 2.157980419347307797e-06 5.945210716940281713e-07
1.400933955970647027e+01 1.065113597620584614e-02 9.875691596157580854e-01 1.771603747937622276e-03 7.363117638352087556e-06 7.375424566820844915e-07
1.420947298198799125e+01 4.997846012291046885e-03 9.930518041406954932e-01 1.937555900331092108e-03 1.192271032856659176e-05 8.712363500951399642e-07
1.440960640426951223e+01 4.915611966559599137e-03 9.942334536687832403e-01 8.452905843377062122e-04 4.361235037771950886e-06 1.282545277694271217e-06
1.460973982655103320e+01 1.065303004533528497e-02 9.876465077017217986e-01 1.692645089791269038e-03 6.556196815961266349e-06 1.260966332451707136e-06
1.480987324883255418e+01 1.174019583394311046e-03 9.969752940270065755e-01 1.839565093096675371e-03 1.001562154038502145e-05 1.105674959080254429e-06
1.501000667111407516e+01 1.109902825266470550e-02 9.881797213035783400e-01 7.131445492368920520e-04 7.136516537316935529e-06 9.693779802553799507e-07
1.521014009339559614e+01 4.055594917206560741e-03 9.943634051004591745e-01 1.574456690681774046e-03 5.688685844617604920e-06 8.546058046441987584e-07
1.541027351567711712e+01 5.730967688524719016e-03 9.925691895359016748e-01 1.691037355847996304e-03 7.756278832198351445e-06 1.049140890097400672e-06
1.561040693795863810e+01 9.915681960916560705e-03 9.894960618555018739e-01 5.773524406170337962e-04 9.709204173078635929e-06 1.194538788180774459e-06
1.581054036024015907e+01 1.255466125421404386e-03 9.972816248796891880e-01 1.456618336127663699e-03 4.685365461410838963e-06 1.605293297196206757e-06
1.601067378252168183e+01 1.137047713005996490e-02 9.870536389649403608e-01 1.567433395198480732e-03 6.441960979305591189e-06 2.008548818640682350e-06
1.621080720480320281e+01 3.212204898020686646e-03 9.962713795531781269e-01 5.026471000123923028e-04 1.177880068006938017e-05 1.989648105683213692e-06
1.641094062708472379e+01 6.613208562756650068e-03 9.919835252709930939e-01 1.397545649509844166e-03 3.772684985034198487e-06 1.947831752215245678e-06
1.661107404936624476e+01 9.142667243054026713e-03 9.893114415485440016e-01 1.538421849503166048e-03 5.789244084941823367e-06 1.680114810525942191e-06
1.681120747164776574e+01 1.581878585780834099e-03 9.978602444799452575e-01 5.431762063747523888e-04 1.361895314757578329e-05 1.081774748909872888e-06
1.701134089392928672e+01 1.164438796572191299e-02 9.869008639589609277e-01 1.450810502957936661e-03 2.911769075238371548e-06 1.025803281647133520e-06
1.721147431621080770e+01 2.625152283144592796e-03 9.957211828341562265e-01 1.646783239881515881e-03 5.794382201922846710e-06 1.087260612947150130e-06
1.741160773849232868e+01 7.641125356561973003e-03 9.916203624258960181e-01 7.226590322595393941e-04 1.465561203407805001e-05 1.197573246363078044e-06
1.761174116077384966e+01 8.502331306991522605e-03 9.898598800257059072e-01 1.633295484315603566e-03 2.781855871579463399e-06 1.711327113167543562e-06
1.781187458305537064e+01 2.239300538671500692e-03 9.958577689124956667e-01 1.895091891496157067e-03 5.854333869019036158e-06 1.984323465659499528e-06
1.801200800533689161e+01 1.196268731153810397e-02 9.869987663257153709e-01 1.021982095418511472e-03 1.452455890664814922e-05 2.039708419526109396e-06
1.821214142761841259e+01 2.359345034060109439e-03 9.957152527601460523e-01 1.919533994101207562e-03 3.795842575538686807e-06 2.072369116161432241e-06
1.841227484989993357e+01 8.774825957352766492e-03 9.889850961374357929e-01 2.233225490056498560e-03 5.271487225982896167e-06 1.580927929002430734e-06
1.861240827218145455e+01 7.990922100381200877e-03 9.906115900438567934e-01 1.383028825822990842e-03 1.342865989120126874e-05 1.030370047435179687e-06
1.881254169446297553e+01 3.152998858179749224e-03 9.946046454017165583e-01 2.235498582313546600e-03 5.892913935198244023e-06 9.642438546122337879e-07
1.901267511674449651e+01 1.217845936520609886e-02 9.852292666373233532e-01 2.586722207935906841e-03 4.813777035963104619e-06 7.380124985646389235e-07
1.921280853902601748e+01 2.299000923304023343e-03 9.959797058550694526e-01 1.709152849284945128e-03 1.139943237295604247e-05 7.409399687755320432e-07
1.941294196130753846e+01 9.855770981167591427e-03 9.876499678297160356e-01 2.484554463280514141e-03 8.764839942958747032e-06 9.418858926484113440e-07
1.961307538358905944e+01 7.397880392903347785e-03 9.897199751846710303e-01 2.876386412378392592e-03 4.598915010346958407e-06 1.159095036724905661e-06
1.981320880587058042e+01 4.086976358154496489e-03 9.940108287326651082e-01 1.891703136440766242e-03 9.251598153279177867e-06 1.240174586170176681e-06
2.001334222815210140e+01 1.211820459123904258e-02 9.852617228208119249e-01 2.607625540607752274e-03 1.113561890516246687e-05 1.311428436191238522e-06
2.021347565043362238e+01 2.213340664925308229e-03 9.947765790820196630e-01 3.004455980497997523e-03 4.398788059333457512e-06 1.225484497434565324e-06
2.041360907271514336e+01 1.063899357982281760e-02 9.874764484069787907e-01 1.875692383373344556e-03 7.811967109311518316e-06 1.053662714507563978e-06
2.061374249499666433e+01 6.561553185705483460e-03 9.908397978087497560e-01 2.584409674271725878e-03 1.261017914163103491e-05 1.629152130232650725e-06
2.081387591727818531e+01 4.853110057770312728e-03 9.922324497334789051e-01 2.908307197691946313e-03 4.626865195008919011e-06 1.506145862944590174e-06
2.101400933955970629e+01 1.165468802971266968e-02 9.866524073217842750e-01 1.684880478853051974e-03 6.625849430371611247e-06 1.398320218954442959e-06
2.121414276184122727e+01 1.995580891271645299e-03 9.955803770534848995e-01 2.408346341578989497e-03 1.362701956649139025e-05 2.068694097041310925e-06
2.141427618412274825e+01 1.104938698435711276e-02 9.863075363042799193e-01 2.636153156381747849e-03 5.246748755797602677e-06 1.676806223222942038e-06
2.161440960640426923e+01 5.503731629702806813e-03 9.931012108856827059e-01 1.388171787292746297e-03 5.456212229009211223e-06 1.429485091077101020e-06
2.181454302868579020e+01 5.485127798378691515e-03 9.923717416300023020e-01 2.127739842333046649e-03 1.370750998978419091e-05 1.683219293875339343e-06
2.201467645096731118e+01 1.086946226199687372e-02 9.868180333591920483e-01 2.304966839752988373e-03 6.144982503584327570e-06 1.392556551523642603e-06
2.221480987324883216e+01 1.772077114694527037e-03 9.971349353228040613e-01 1.086596007165634625e-03 4.669411375143508556e-06 1.722143957351922597e-06
2.241494329553035314e+01 1.130619977154275098e-02 9.868133927083950763e-01 1.865331661401310260e-03 1.276946929280475021e-05 2.306389365225843886e-06
2.261507671781187412e+01 4.451200042670945545e-03 9.935074692274571406e-01 2.031246819616058623e-03 7.424272839047534274e-06 2.659637414031678927e-06
2.281521014009339510e+01 6.176938948910507335e-03 9.929064185135065834e-01 9.093429940083497471e-04 4.111241624687079167e-06 3.188301946922554934e-06
2.301534356237491608e+01 1.010919870763058934e-02 9.881296755684562116e-01 1.746217368401666806e-03 1.162376413464352578e-05 3.284591373491754940e-06
2.321547698465643705e+01 1.828155889767820114e-03 9.962287266940152985e-01 1.930763958911314556e-03 9.093278394264578377e-06 3.260178908119208317e-06
2.341561040693795803e+01 1.166398597802449297e-02 9.873657062518951255e-01 9.639244515181876480e-04 3.562128590398543728e-06 2.821189968619522666e-06
2.361574382921947901e+01 3.746838296054222969e-03 9.943989509828530249e-01 1.841703141974694678e-03 1.034923348221625605e-05 2.158345632807412648e-06
2.381587725150099999e+01 7.153847949300680235e-03 9.907459351957124127e-01 2.086564391961545206e-03 1.166672465576641299e-05 1.985738367528255325e-06
2.401601067378252097e+01 9.642683157090301688e-03 9.890651974419604198e-01 1.287517999315866777e-03 2.867245224954477795e-06 1.734156405717771902e-06
2.421614409606404195e+01 2.374478791935620125e-03 9.954534737502455100e-01 2.161431424211626446e-03 9.025252266952128635e-06 1.590781337082645892e-06
2.441627751834556292e+01 1.221974482534045683e-02 9.852653322053149809e-01 2.497525029032376335e-03 1.503577591093299341e-05 2.362164398447844361e-06
2.461641094062708390e+01 3.538703240164524800e-03 9.946284393318729489e-01 1.828297732411400187e-03 2.088776752464839152e-06 2.470918795382436669e-06
2.481654436290860488e+01 8.440133372750546412e-03 9.889109882106387195e-01 2.638932295974144582e-03 7.607877715219698520e-06 2.338242917954468117e-06
2.501667778519012586e+01 9.417751569790440772e-03 9.874695249973357569e-01 3.091003962262009377e-03 1.854928213736147587e-05 3.170188472019030134e-06
2.521681120747164684e+01 3.314528871281085219e-03 9.942409414682827906e-01 2.440299965037567159e-03 1.747754516681503215e-06 2.481940880274386124e-06
2.541694462975316782e+01 1.282763014032801789e-02 9.840105998634274265e-01 3.153964619994367464e-03 5.953743169502712845e-06 1.851633079001339387e-06
2.561707805203468880e+01 3.610571976314496181e-03 9.926436154150867219e-01 3.721871351862865527e-03 2.185167109406347316e-05 2.089585639844568050e-06
2.581721147431620977e+01 9.720015953286692892e-03 9.873367335772713638e-01 2.939663493135425201e-03 2.150275470739474732e-06 1.436700834153421597e-06
2.601734489659773075e+01 9.143113897330508097e-03 9.872654347447180623e-01 3.585376621626151956e-03 4.985340912861908234e-06 1.089395410846762294e-06
2.621747831887925173e+01 4.298014227081679156e-03 9.914976622209561441e-01 4.179860187491930487e-03 2.316748370764747366e-05 1.295880760808588066e-06
2.641761174116077271e+01 1.309212411021194386e-02 9.837068131000659132e-01 3.196650672200072613e-03 3.275931206109305963e-06 1.136186313589321086e-06
2.661774516344229369e+01 3.581032148152397520e-03 9.926023688290083191e-01 3.810282402399391925e-03 5.192596772308350267e-06 1.124023665232150062e-06
2.681787858572381467e+01 1.061313859964903641e-02 9.850489718014401319e-01 4.315096410830433077e-03 2.116715162030836215e-05 1.626036458213652503e-06
2.701801200800533564e+01 8.463171098361935152e-03 9.883807121565081344e-01 3.149481746811290308e-03 5.112574616833395091e-06 1.522423699588403846e-06
2.721814543028685662e+01 5.004718393173137291e-03 9.912587861761171792e-01 3.729009245299223351e-03 5.743163019115251667e-06 1.743022389159649707e-06
2.741827885256837760e+01 1.272388535542488645e-02 9.831318324572240197e-01 4.124423873044054042e-03 1.725631167454754841e-05 2.602002631001956376e-06
2.761841227484989858e+01 3.209980473167968213e-03 9.939865333028531369e-01 2.793189582533797850e-03 7.724862462054879190e-06 2.571778982641591754e-06
2.781854569713141956e+01 1.102871631238862456e-02 9.855926849721758920e-01 3.370000849128596595e-03 5.870676845158545232e-06 2.727189461839511408e-06
2.801867911941294054e+01 7.275367614943377068e-03 9.890303766839204647e-01 3.678061508784195594e-03 1.293941991494892018e-05 3.254772436119203069e-06
2.821881254169446152e+01 5.390892751503048586e-03 9.923610089926586664e-01 2.234078363861870340e-03 1.124137192982594668e-05 2.778520045643608594e-06
2.841894596397598249e+01 1.190697403004965099e-02 9.851908749306889090e-01 2.894055005111083843e-03 5.526704228814947810e-06 2.569329920002088591e-06
2.861907938625750347e+01 2.632356997058439910e-03 9.942634485726520310e-01 3.092750410671326819e-03 8.690581329911996767e-06 2.753438286582526945e-06
2.881921280853902445e+01 1.118854728527905566e-02 9.871013248120096284e-01 1.692762544402122774e-03 1.523234725159270392e-05 2.133011055255546587e-06
2.901934623082054543e+01 5.963223374319629247e-03 9.915537111559104000e-01 2.475562733140110414e-03 4.824350256520662576e-06 2.678386371160315234e-06
2.921947965310206641e+01 5.792924968178824081e-03 9.916168566320258115e-01 2.581349324320531512e-03 5.463523714834062036e-06 3.405551757806406990e-06
2.941961307538358739e+01 1.110982925219797766e-02 9.874712369169488246e-01 1.397180187684344665e-03 1.839969781076988909e-05 3.353945356347416044e-06
2.961974649766510836e+01 2.313980356651861026e-03 9.954194168048111635e-01 2.257934683471471329e-03 4.141056132001339737e-06 4.527098931771256393e-06
2.981987991994662934e+01 1.152730460371054200e-02 9.860894301790130712e-01 2.374483030139268834e-03 3.844460694065743447e-06 4.937726439973106229e-06
3.002001334222815032e+01 5.080466847203772042e-03 9.934003558417886515e-01 1.494908737762005221e-03 1.985045652146382855e-05 4.418116721109756924e-06
3.022014676450967130e+01 6.637741591714839406e-03 9.909976513599602077e-01 2.355681350002989359e-03 4.203374040383672172e-06 4.722324278475226839e-06
3.042028018679119228e+01 1.075259040125950416e-02 9.866418799526521788e-01 2.597718321959567676e-03 3.770128222250575011e-06 4.041195904192754120e-06
3.062041360907271326e+01 2.646122006557981906e-03 9.953183875195893426e-01 2.012948972274758181e-03 1.941162075440615092e-05 3.129880821335373040e-06
3.082054703135423424e+01 1.233007278254060445e-02 9.848676722798488381e-01 2.793233225039245919e-03 6.032125349802782854e-06 2.989587219480003455e-06
3.102068045363575521e+01 4.893479260573040633e-03 9.918483547363564634e-01 3.250652541006318445e-03 4.933249670258805432e-06 2.580212392535478495e-06
3.122081387591727619e+01 7.990419340004667123e-03 9.891568206613710057e-01 2.832681160669354645e-03 1.749710246274510818e-05 2.581735490132448405e-06
3.142094729819879717e+01 1.089455525871241802e-02 9.856100172764402645e-01 3.482768739861731577e-03 9.843179435907661119e-06 2.815545547220856353e-06
3.162108072048031815e+01 3.593884841717712338e-03 9.922150668037726939e-01 4.181471324972331136e-03 6.663384235027433814e-06 2.913645300166278435e-06
3.182121414276183913e+01 1.334693029071017112e-02 9.828939733317116900e-01 3.740776673237751048e-03 1.512987287427786094e-05 3.189831464553722947e-06
3.202134756504336366e+01 5.174266093807774330e-03 9.905517003736779014e-01 4.255680871516223304e-03 1.490128033706480913e-05 3.451380659285335265e-06
3.222148098732488108e+01 9.480675795349070498e-03 9.854022941859774676e-01 5.105416331015300881e-03 8.616850666785210564e-06 2.996836990388827483e-06
3.242161440960640562e+01 1.106319331671340098e-02 9.844153377922256754e-01 4.505980742576238922e-03 1.277907376211426779e-05 2.709074721907546805e-06
3.262174783188792304e+01 4.687276935642413142e-03 9.904162493086177133e-01 4.873321586801358275e-03 2.020143976783168321e-05 2.950729170344814102e-06
3.282188125416944757e+01 1.398348039161348248e-02 9.802347626312518658e-01 5.769069871727519096e-03 1.057264091791272913e-05 2.114464489474709955e-06
3.302201467645096500e+01 5.328239766729908101e-03 9.897648663298198590e-01 4.895307422495108994e-03 9.899752408434189734e-06 1.686728545333400195e-06
3.322214809873248953e+01 1.058253456948179787e-02 9.842693567464673166e-01 5.122069664602296735e-03 2.394998220668156873e-05 2.089037240063836867e-06
3.342228152101400696e+01 1.061669159702099269e-02 9.833469139578798757e-01 6.023054640670304043e-03 1.185583852311874739e-05 1.483965902906401781e-06
3.362241494329553149e+01 5.369174998253022774e-03 9.898754503728499632e-01 4.747475874050758118e-03 6.381639511010533584e-06 1.517115332419859809e-06
3.382254836557704891e+01 1.384567963472927224e-02 9.811689499903054612e-01 4.958039726598479323e-03 2.498218456724070802e-05 2.348463795330903693e-06
3.402268178785857344e+01 4.875712554504984392e-03 9.893493168167811769e-01 5.761164705403120506e-03 1.157185995358400974e-05 2.234063352238540113e-06
3.422281521014009087e+01 1.098425216153925410e-02 9.848959782127288953e-01 4.113547224095375453e-03 3.339377402836901303e-06 2.883024230001776422e-06
3.442294863242161540e+01 9.386406154679716868e-03 9.861081664702127103e-01 4.477044947890630906e-03 2.419612699975012612e-05 4.186300213227606941e-06
3.462308205470313283e+01 5.513179868610527251e-03 9.894594159626169949e-01 5.013382085418409580e-03 9.992150842761943406e-06 4.029932508074360943e-06
3.482321547698465736e+01 1.300311808297473400e-02 9.837461983486569528e-01 3.244529031157917728e-03 1.708724377225204103e-06 4.445812830300364679e-06
3.502334889926617478e+01 3.934806922572144441e-03 9.922231366987368517e-01 3.814102584869691944e-03 2.280755577213986127e-05 5.146238046668704675e-06
3.522348232154769931e+01 1.097211278031547284e-02 9.849577019365898245e-01 4.056817325392765572e-03 9.020119125205852792e-06 4.347838575047852246e-06
3.542361574382921674e+01 7.805212936310760435e-03 9.897432181490158909e-01 2.445971377430753661e-03 1.377191940538199344e-06 4.220345300588738362e-06
3.562374916611074127e+01 5.560209516249171868e-03 9.912374956099225809e-01 3.177360995948336556e-03 2.078623833717740065e-05 4.147639542096069181e-06
3.582388258839225870e+01 1.207103416848819347e-02 9.846540008407844713e-01 3.260755088716222466e-03 1.024571896374104485e-05 3.964183046626296800e-06
3.602401601067378323e+01 3.135858247000334297e-03 9.948563592533385957e-01 2.001723568973011024e-03 1.716452183689750018e-06 4.342478503559064596e-06
3.622414943295530065e+01 1.123507942400935045e-02 9.859042194813729676e-01 2.838718825236078314e-03 1.763777892061221816e-05 4.344490460635896633e-06
3.642428285523682518e+01 6.642173801838577654e-03 9.904290524934347140e-01 2.909312026945058867e-03 1.373546777368388585e-05 5.726210007825478394e-06
3.662441627751834261e+01 6.111928794363924444e-03 9.917601183135511533e-01 2.119753553547975081e-03 2.220830820031185184e-06 5.978507717458498465e-06
3.682454969979986714e+01 1.179267544151947449e-02 9.852090564645854531e-01 2.979559851276029816e-03 1.313385763306817482e-05 5.574384986185532302e-06
3.702468312208138457e+01 3.131963705561469687e-03 9.936683468478921810e-01 3.173240841446348711e-03 1.949580528379893542e-05 6.952799816906241314e-06
3.722481654436290910e+01 1.218531240545729297e-02 9.849670824774642286e-01 2.839094911540393420e-03 2.731618826059413142e-06 5.778586712590498122e-06
3.742494996664442652e+01 6.439476685840528868e-03 9.899385679219946388e-01 3.609016109073275632e-03 8.264586568879620014e-06 4.674696523655741241e-06
3.762508338892595106e+01 7.432086373665759867e-03 9.884977332674877992e-01 4.037580460599833262e-03 2.732189858113375151e-05 5.277999666772242022e-06
3.782521681120746848e+01 1.230706414803691383e-02 9.836721212248390467e-01 4.013355644775329183e-03 3.689551621538657425e-06 3.769430728266201642e-06
3.802535023348899301e+01 4.035804658283103849e-03 9.913774903694143603e-01 4.578700717118537947e-03 4.991618138542024993e-06 3.012637046307635260e-06
3.822548365577051044e+01 1.359817787239403844e-02 9.810871431964098832e-01 5.275005292644433137e-03 3.568369939297347097e-05 3.989939160091052100e-06
3.842561707805203497e+01 6.982301087659620667e-03 9.876670345548488328e-01 5.342022406919523340e-03 5.589805308215140887e-06 3.052145265533408993e-06
3.862575050033355240e+01 9.144243218077859406e-03 9.852463005634384263e-01 5.602332929677056490e-03 4.254281558688284880e-06 2.869007249655185821e-06
3.882588392261507693e+01 1.298695143405917234e-02 9.803885447188445124e-01 6.577036329530822414e-03 4.301183586529053524e-05 4.455681702326301945e-06
3.902601734489659435e+01 5.260575648299744590e-03 9.883214127211878974e-01 6.406753092211120090e-03 7.860271881035305083e-06 3.398266422017654807e-06
3.922615076717811888e+01 1.475042395912088550e-02 9.788635766971751639e-01 6.377265418995224817e-03 5.588259306272413324e-06 3.145665404900026803e-06
3.942628418945963631e+01 7.424444961384241842e-03 9.849302986632219037e-01 7.593259152705662991e-03 4.740947223773513548e-05 4.587750452510051671e-06
3.962641761174116084e+01 1.044920622483102961e-02 9.826905279454311026e-01 6.847553221769924620e-03 9.527685126432643148e-06 3.184922843204771225e-06
3.982655103402267827e+01 1.298078405262457526e-02 9.802861233762930615e-01 6.722385478033658657e-03 7.930033028960241704e-06 2.777060020926151204e-06
4.002668445630420280e+01 6.010927703786413806e-03 9.859890374940559754e-01 7.950501037175731686e-03 4.577455373043374452e-05 3.759211253149289553e-06
4.022681787858572022e+01 1.489811387129809719e-02 9.785240370441776747e-01 6.564901897460775557e-03 1.056112058712855569e-05 2.386066477897973677e-06
4.042695130086724475e+01 7.035537297914999655e-03 9.864040523254226089e-01 6.548131790229212365e-03 9.837372179590744514e-06 2.441214255438052575e-06
4.062708472314876218e+01 1.087359047792384875e-02 9.815831023081347251e-01 7.502534623755385823e-03 3.723767601823583866e-05 3.534914168980901388e-06
4.082721814543028671e+01 1.182797958342672942e-02 9.824703141555861663e-01 5.687282514686918186e-03 1.181305885492388642e-05 2.610687446506091426e-06
4.102735156771180414e+01 5.974134013325269575e-03 9.881546872946904703e-01 5.857460344189689867e-03 9.892118025748465599e-06 3.826229770153588345e-06
4.122748498999332867e+01 1.401643955030295631e-02 9.794894844540450451e-01 6.463073223149214987e-03 2.560044451926537961e-05 5.402327985350609077e-06
4.142761841227484609e+01 5.779423215905864913e-03 9.897353003379980585e-01 4.466034815266098357e-03 1.444611470997704864e-05 4.795516122556355709e-06
4.162775183455637062e+01 1.071712951474547079e-02 9.843906148383412269e-01 4.877777999401481518e-03 8.113220556267531245e-06 6.364426958229394480e-06
4.182788525683788805e+01 9.945865783832439841e-03 9.848364554578672436e-01 5.194859324568927746e-03 1.545268491815684510e-05 7.366748815951610880e-06
4.202801867911941258e+01 5.572817729813593982e-03 9.911101361553321665e-01 3.291824583080887011e-03 1.906537138874934506e-05 6.156160387384689341e-06
4.222815210140093001e+01 1.294974185540821027e-02 9.830310527124708209e-01 4.006261041133784423e-03 6.085452111369176811e-06 6.858938878934410629e-06
4.242828552368245454e+01 4.418802846898333900e-03 9.914867326347451826e-01 4.078997858370932497e-03 8.664417205140499947e-06 6.802242784559162920e-06
4.262841894596397196e+01 1.077223667674622257e-02 9.865772772866706619e-01 2.620617048375914818e-03 2.434955289581661059e-05 5.519435315597011197e-06
4.282855236824549650e+01 8.439721296692600030e-03 9.879767308266615977e-01 3.572119208232376990e-03 5.308360842702219866e-06 6.120307574909085976e-06
4.302868579052701392e+01 5.681368729014586554e-03 9.907808628455119226e-01 3.526680625901984674e-03 4.937972701438093867e-06 6.149826873930922605e-06
4.322881921280853845e+01 1.266895637963372408e-02 9.845355593856862653e-01 2.761069102781986157e-03 2.820460081856148408e-05 6.210531084048030766e-06
4.342895263509005588e+01 3.945034665478026024e-03 9.922987807091937507e-01 3.742780634811737703e-03 6.260627889006266016e-06 7.143362631552128842e-06
4.362908605737158041e+01 1.173628886037669274e-02 9.844405318763942425e-01 3.812236444233685524e-03 3.783012449724939270e-06 7.159806549565277154e-06
4.382921947965309784e+01 8.154394330173269506e-03 9.880483677789811958e-01 3.759274293055872053e-03 3.018213478072179044e-05 7.781463012553697847e-06
4.402935290193462237e+01 6.834173952110882133e-03 9.886273834569290209e-01 4.521415759224382130e-03 9.344303818722393454e-06 7.682527920528156579e-06
4.422948632421613979e+01 1.350853072494293157e-02 9.815551771613431065e-01 4.923618943398004079e-03 5.884929103801169062e-06 6.788241215646778029e-06
4.442961974649766432e+01 4.704046628365863604e-03 9.898838194286317949e-01 5.374054621422483420e-03 3.128551327563149325e-05 6.793808307538892345e-06
4.462975316877918175e+01 1.352929924839757145e-02 9.807372888901414454e-01 5.712767956042878216e-03 1.504759276769095384e-05 5.596312653567047210e-06
4.482988659106070628e+01 8.963318534294058282e-03 9.844080969821553673e-01 6.611765537801262207e-03 1.214153999897354511e-05 4.677405753620384195e-06
4.503002001334222371e+01 8.666121082554325075e-03 9.841826563212090484e-01 7.114285034610481721e-03 3.223728476402860417e-05 4.700276864238127701e-06
4.523015343562374824e+01 1.483386134877386422e-02 9.781424463528167745e-01 6.997418260578496321e-03 2.248597806138775504e-05 3.788059771414263555e-06
4.543028685790526566e+01 6.083011773968713919e-03 9.854927376005315764e-01 8.399308927074085329e-03 2.129883359639696581e-05 3.642864831858867161e-06
4.563042028018679019e+01 1.518489477255580145e-02 9.763189499528436288e-01 8.459484131527012993e-03 3.243435483850046913e-05 4.236788237597952142e-06
4.583055370246830762e+01 9.863983191666201786e-03 9.820669648143163233e-01 8.035211246267189369e-03 2.976597496457149603e-05 4.074772787845668380e-06
4.603068712474983215e+01 1.022747314205619054e-02 9.800547920011332126e-01 9.684574125280643112e-03 2.916120938086574151e-05 3.999522150937082376e-06
4.623082054703134958e+01 1.539776799042053695e-02 9.755032289977547677e-01 9.063937659176788883e-03 3.037555550150447208e-05 4.689797149601056387e-06
4.643095396931287411e+01 7.020353205454676719e-03 9.844553691438360232e-01 8.484251003449915646e-03 3.504979406144621758e-05 4.976853200181597307e-06
4.663108739159439153e+01 1.569679341629741029e-02 9.741753413284953700e-01 1.009172555405212987e-02 3.183313095647063464e-05 4.306570200663943269e-06
4.683122081387591606e+01 9.713762266121080818e-03 9.815122403078735402e-01 8.744630472521351672e-03 2.470724629207861922e-05 4.659707194506403822e-06
4.703135423615743349e+01 1.078879324585500267e-02 9.810176349633872306e-01 8.151688785147531008e-03 3.692507956905424294e-05 4.957926043713616072e-06
4.723148765843895802e+01 1.441454005441577917e-02 9.759643971226095172e-01 9.588197949005936027e-03 2.876387418465626542e-05 4.100999785712003782e-06
4.743162108072047545e+01 6.862116218103112529e-03 9.855890845083318252e-01 7.528228002358254740e-03 1.605814460895989889e-05 4.513126599419529137e-06
4.763175450300199998e+01 1.492150900844956170e-02 9.778450642760289080e-01 7.192859484840954942e-03 3.574341532417658684e-05 4.823815358084169136e-06
4.783188792528351740e+01 8.217577065733517802e-03 9.834516965006174782e-01 8.303842689399244803e-03 2.178476364622879867e-05 5.098980605538272987e-06
4.803202134756504194e+01 1.043422791607612372e-02 9.837467483981283678e-01 5.804876618463022594e-03 8.049981672453789021e-06 6.097085662080339710e-06
4.823215476984655936e+01 1.232908037505093223e-02 9.816355132005203377e-01 5.995426656702921089e-03 3.330953677624093741e-05 6.670230951140301944e-06
4.843228819212808389e+01 5.994001545636986651e-03 9.874151049390148538e-01 6.568068288336632171e-03 1.469093345112002767e-05 8.134293561189094205e-06
4.863242161440960132e+01 1.367691686862276129e-02 9.820953644619421219e-01 4.215060140991645082e-03 3.975447443081949936e-06 8.683081000867451136e-06
4.883255503669112585e+01 6.265722703800788093e-03 9.887524186880555233e-01 4.942886229138381514e-03 3.028023896527079389e-05 8.692140040583249679e-06
4.903268845897264328e+01 1.016057975217015893e-02 9.848273590634303298e-01 4.990060082466911927e-03 1.229778645632610114e-05 9.703315476867418215e-06
4.923282188125416781e+01 1.044246010432377247e-02 9.862071083158527873e-01 3.338145683954128837e-03 3.400629386772232924e-06 8.885266482650342200e-06
4.943295530353568523e+01 5.526133669271384753e-03 9.900558800908545454e-01 4.383953744392599106e-03 2.605157902323874765e-05 7.980916458700405074e-06
4.963308872581720976e+01 1.327048131663235465e-02 9.825298138871937370e-01 4.174663513748542304e-03 1.624670984668351171e-05 8.794572579682847675e-06
4.983322214809872719e+01 5.188012708149542136e-03 9.912740930552951246e-01 3.525863601858875845e-03 4.255940249653628202e-06 7.774694447019275237e-06
5.003335557038025172e+01 1.100297805066341103e-02 9.843833738356183582e-01 4.585756063434325361e-03 2.069822697015420625e-05 7.193823313601006960e-06
5.023348899266176915e+01 9.983702025906943806e-03 9.855370528285394283e-01 4.445087923259041611e-03 2.490355681717792546e-05 9.253665476878219573e-06
5.043362241494329368e+01 6.300129625917837324e-03 9.888743289469535958e-01 4.811108394327689129e-03 6.192877188935069609e-06 8.240155612002462987e-06
5.063375583722481110e+01 1.438905135679440991e-02 9.800151142024289275e-01 5.571811248211674603e-03 1.595281847119781835e-05 8.070374094006579855e-06
5.083388925950633563e+01 5.691458986448014352e-03 9.884557724860555394e-01 5.805084732821837352e-03 3.737733537510794555e-05 1.030645929942757649e-05
5.103402268178785306e+01 1.301913489940773917e-02 9.801070609771354025e-01 6.855166318483161061e-03 1.050678367232248407e-05 8.131021301715468224e-06
5.123415610406937759e+01 1.108564509884468231e-02 9.817918931249998149e-01 7.100235894002302622e-03 1.478482660457998531e-05 7.441055549048059175e-06
5.143428952635090212e+01 8.157094282955107412e-03 9.838982211160566260e-01 7.883077309377864092e-03 5.305659831197932834e-05 8.550693298944239478e-06
5.163442294863241955e+01 1.634431435107111183e-02 9.745331493188178484e-01 9.098655616116531689e-03 1.794476741424999529e-05 5.935946580659194266e-06
5.183455637091394408e+01 7.241910500344947606e-03 9.839954483728253765e-01 8.738837533931027163e-03 1.862316831148505742e-05 5.180424587568549609e-06
5.203468979319546150e+01 1.519313984742662327e-02 9.746994935981947439e-01 1.003276850646704806e-02 6.854865532667840200e-05 6.049392585599351773e-06
5.223482321547698604e+01 1.254306642289071405e-02 9.764971300475101534e-01 1.092938461457866259e-02 2.622087788278691477e-05 4.198037138342401333e-06
5.243495663775850346e+01 1.000751196438745376e-02 9.800106642606558616e-01 9.952820401014453658e-03 2.476024654585793795e-05 4.243127397292927120e-06
5.263509006004002799e+01 1.760204579777425657e-02 9.706415037734482665e-01 1.167180412440123848e-02 7.883335913893717208e-05 5.812945238676875734e-06
5.283522348232154542e+01 8.457753841501738229e-03 9.797590056495144584e-01 1.174879099038472069e-02 3.018585995217849748e-05 4.263658648553180558e-06
5.303535690460306995e+01 1.622921266169828625e-02 9.733809364438117395e-01 1.035608092822126736e-02 2.866731855040907849e-05 5.102647719717328545e-06
