0.000000000000000000e+00 0.000000000000000000e+00 1.000000000000000000e+00 0.000000000000000000e+00 0.000000000000000000e+00 0.000000000000000000e+00
1.334222815210140134e-01 1.022560523144621335e-02 9.884463600090601654e-01 1.317448157007059624e-03 9.884292754828328064e-06 7.023097313746113031e-07
2.668445630420280268e-01 4.213251606941290951e-03 9.956204019943776240e-01 1.638440862195703952e-04 2.179154944858191193e-06 3.231575162465391886e-07
4.002668445630420679e-01 3.573559646873506173e-03 9.953814962399699651e-01 1.032840527180981308e-03 1.175003327273077147e-05 3.535527022480662979e-07
5.336891260840560536e-01 1.061543556313190688e-02 9.888068462896200117e-01 5.699998827177055324e-04 6.800316116138894287e-06 9.179484135731251482e-07
6.671114076050700392e-01 7.286786277151912326e-05 9.993327401935917509e-01 5.835100665174773734e-04 1.083102716810348923e-05 5.084995007443336368e-08
8.005336891260841359e-01 9.793329173728063108e-03 9.891706443457417564e-01 1.026294552508606869e-03 8.633365281644162577e-06 1.098562738774442320e-06
9.339559706470981215e-01 4.884586183115173855e-03 9.949317899979310820e-01 1.766528485617897522e-04 6.824986663008109800e-06 1.459837283367168102e-07
1.067378252168112107e+00 2.988847663358770897e-03 9.956755693770306115e-01 1.326893353055987219e-03 8.027195149909064630e-06 6.624114043046022307e-07
1.200800533689126093e+00 1.093107504011032322e-02 9.890586460912211830e-01 7.922063417672600588e-06 1.798941694794035252e-06 5.578635560618459278e-07
1.334222815210140078e+00 2.241508328458569771e-04 9.984330913522768691e-01 1.333959008516071324e-03 8.684347566587884888e-06 1.144587950603180800e-07
1.467645096731154064e+00 9.319303879111109565e-03 9.905190335402663804e-01 1.602196142561912321e-04 5.982558868940463633e-07 8.447104799947580761e-07
1.601067378252168272e+00 5.563999066695715819e-03 9.933798697035451930e-01 1.044981520038858061e-03 1.107992547512182428e-05 6.978424604336970526e-08
1.734489659773182257e+00 2.451369256206336212e-03 9.969769243146338056e-01 5.677291440863003981e-04 3.292418910711640032e-06 6.848661639216947412e-07
1.867911941294196243e+00 1.116027677374958026e-02 9.882289530345247375e-01 5.964092171039533062e-04 1.380074507619512621e-05 5.602295473797596837e-07
2.001334222815210229e+00 4.520462658122164235e-04 9.985038042159164462e-01 1.037929731570335712e-03 5.972811545252242672e-06 2.469751576824185129e-07
2.134756504336224214e+00 8.793701866861002372e-03 9.910026008257744046e-01 1.911199273583034952e-04 1.155925684949868480e-05 1.018123158202956487e-06
2.268178785857238200e+00 6.248861093390150299e-03 9.924011852216074736e-01 1.343270841520658853e-03 6.664060719352723775e-06 1.878276403695651506e-08
2.401601067378252186e+00 1.968008473562575262e-03 9.980095081420051750e-01 1.612362452508591372e-05 5.425490009337003545e-06 9.342698995893795719e-07
2.535023348899266171e+00 1.131402178544913852e-02 9.873320866598624956e-01 1.347369403322143649e-03 6.247095135218065783e-06 2.750562332340501550e-07
2.668445630420280157e+00 7.502228082144595921e-04 9.990837572871373862e-01 1.643692187892269001e-04 1.232127735123728589e-06 4.185581264020176545e-07
2.801867911941294143e+00 8.218844479747902318e-03 9.907123852518645579e-01 1.058735889993540555e-03 9.281213297896514521e-06 7.531650979951966543e-07
2.935290193462308128e+00 6.927547897816805321e-03 9.925002125247381901e-01 5.709175038529399433e-04 1.284916826361803157e-06 3.715676757142896839e-08
3.068712474983322114e+00 1.536201312814834859e-03 9.978418358228328122e-01 6.074991579066988442e-04 1.353969588820103867e-05 9.240105595217516918e-07
3.202134756504336544e+00 1.140018697122853995e-02 9.875554866416481614e-01 1.039852726325811742e-03 4.300733341279099786e-06 1.729274583620990057e-07
3.335557038025350529e+00 1.112310826071661847e-03 9.986745509525839504e-01 1.982089097687857345e-04 1.433907165943132979e-05 5.902399178671019503e-07
3.468979319546364515e+00 7.612760890322196709e-03 9.910298476078469587e-01 1.351283088205318698e-03 5.484444506938741881e-06 6.239691198182520137e-07
3.602401601067378500e+00 7.576671253020341758e-03 9.923886164574152735e-01 2.397975918883422000e-05 1.060721163653026986e-05 1.253187405067369795e-07
3.735823882588392486e+00 1.161611260124536388e-03 9.974719990645501966e-01 1.360049080999632893e-03 5.477454403083344177e-06 8.631399239668249230e-07
3.869246164109406472e+00 1.141404797151393535e-02 9.884137566388119245e-01 1.681312356349773168e-04 3.990199043246420048e-06 7.395499762584800651e-08
4.002668445630420457e+00 1.537489563755766635e-03 9.973915857701186605e-01 1.063162412950540391e-03 7.128123062388343010e-06 6.341301143168711787e-07
4.136090727151434443e+00 6.994818555290954580e-03 9.924360586673829365e-01 5.678281822163391704e-04 7.679417096535226441e-07 5.266534015404773471e-07
4.269513008672448429e+00 8.189239505179891909e-03 9.911918539694091201e-01 6.073151155249161123e-04 1.138695529374598099e-05 2.044545938355770312e-07
4.402935290193462414e+00 8.533484821413807233e-04 9.981049936077914797e-01 1.038969538922247370e-03 1.701983131689477910e-06 9.863880145558250607e-07
4.536357571714476400e+00 1.133803281702760145e-02 9.884406273216133076e-01 2.053482290558522746e-04 1.594257027711173139e-05 4.906202728451585718e-08
4.669779853235490386e+00 2.023759072868201465e-03 9.966198174198859228e-01 1.352022933272092886e-03 3.472633740877216545e-06 9.279402341600031323e-07
4.803202134756504371e+00 6.367033750035777651e-03 9.935838671666870070e-01 3.430960404635759675e-05 1.446160955138527397e-05 3.278696803930540331e-07
4.936624416277518357e+00 8.768783207099622654e-03 9.898693364342071588e-01 1.357477817794515429e-03 3.992836926692476147e-06 4.097039727732881726e-07
5.070046697798532342e+00 6.190512696962156836e-04 9.991983034955820298e-01 1.734676043297574447e-04 8.453898139549157495e-06 7.237322528247101874e-07
5.203468979319546328e+00 1.117759034343619902e-02 9.877522031638534816e-01 1.065710001354617251e-03 4.461875093800409470e-06 3.461626248403004383e-08
5.336891260840560314e+00 2.561854229637013092e-03 9.968700167253790045e-01 5.643221522915775916e-04 3.002747585286149533e-06 8.041451079372550815e-07
5.470313542361574299e+00 5.727800990933291925e-03 9.936441695594638857e-01 6.190503080631980020e-04 8.713630155135476256e-06 2.655113853081793271e-07
5.603735823882588285e+00 9.317763633455900321e-03 9.896565231411554864e-01 1.024274508529036736e-03 9.538715240113933611e-07 4.848453366636630455e-07
5.737158105403602271e+00 4.583346051281571298e-04 9.993071445506804817e-01 2.196328857744800909e-04 1.401828470616209701e-05 8.696737116040658276e-07
5.870580386924616256e+00 1.094920957245956727e-02 9.877091627513679972e-01 1.339585109153290697e-03 1.927850639959537541e-06 1.147163802107459878e-07
6.004002668445630242e+00 3.137504132670759956e-03 9.967970410257772640e-01 4.791776307489658713e-05 1.636292737166750256e-05 1.174151106397485461e-06
6.137424949966644228e+00 5.087346969721209984e-03 9.935452298548894667e-01 1.365326183706523124e-03 1.999977731912687444e-06 9.701395178712386064e-08
6.270847231487658213e+00 9.817185612068277112e-03 9.899895027688876414e-01 1.791109909129598790e-04 1.336566526840068936e-05 8.349628639070176133e-07
6.404269513008673087e+00 3.716384996623351431e-04 9.985386053410126861e-01 1.087253373422872966e-03 2.053900552805428203e-06 4.488853504922560145e-07
6.537691794529687073e+00 1.066694652308700780e-02 9.887721235070255910e-01 5.538445888378020366e-04 6.848829831037237130e-06 2.365512194310848044e-07
6.671114076050701058e+00 3.745063649341396055e-03 9.956100707267752092e-01 6.395607132952291522e-04 4.518833077546704992e-06 7.860775113699867766e-07
6.804536357571715044e+00 4.465908913954931905e-03 9.945210766376865186e-01 1.009735603975984997e-03 3.226196854220310246e-06 5.264752834886506887e-08
6.937958639092729030e+00 1.025025597287277344e-02 9.895011229425438870e-01 2.374190246091890878e-04 1.046241719972925917e-05 7.396427734793406282e-07
7.071380920613743015e+00 3.609700061344253328e-04 9.982982785971780126e-01 1.337685838748921795e-03 2.598095233315123067e-06 4.674627046485537982e-07
7.204803202134757001e+00 1.032023114086476172e-02 9.896029130724532941e-01 6.047561298604070361e-05 1.601918428538023684e-05 3.609894097878058943e-07
7.338225483655770987e+00 4.382928989931328227e-03 9.942373995466966541e-01 1.376236542785401126e-03 2.451398822915678730e-06 9.835217628634665983e-07
7.471647765176784972e+00 3.875477987097739052e-03 9.959259929057314720e-01 1.830378618772636121e-04 1.541595586953613901e-05 7.528942233861655037e-08
7.605070046697798958e+00 1.061480800185722953e-02 9.882745202464718881e-01 1.108390473444691984e-03 1.273414993768974440e-06 1.007863230754037138e-06
7.738492328218812943e+00 4.268123276451819196e-04 9.990088868534081623e-01 5.531554865021198926e-04 1.093655644704970275e-05 2.087759964229072732e-07
7.871914609739826929e+00 9.905086421147899986e-03 9.894269681532219529e-01 6.661907250507425248e-04 1.231720964579207082e-06 5.229796136334743031e-07
8.005336891260840915e+00 5.044388733563501086e-03 9.939438097558077612e-01 1.004867541107449429e-03 6.313658101407070221e-06 6.203114188928007141e-07
8.138759172781854900e+00 3.315808734078050466e-03 9.964227728929943018e-01 2.556893330027987005e-04 5.642263958675267455e-06 8.677596525015540602e-08
8.272181454302868886e+00 1.092186153747451254e-02 9.877410675983854249e-01 1.331594236076803902e-03 4.627379398411557177e-06 8.492486643995131303e-07
8.405603735823882872e+00 5.660276489556498314e-04 9.993549603593858688e-01 6.720895876168133168e-05 1.162700480446734098e-05 1.760280912871078846e-07
8.539026017344896857e+00 9.430898268710402946e-03 9.891800899229631350e-01 1.383542196822851395e-03 4.841541698636276327e-06 6.280698039723881178e-07
8.672448298865910843e+00 5.709085038695798330e-03 9.940887101662151393e-01 1.862099940988154239e-04 1.533051816191914778e-05 6.642828274727502647e-07
8.805870580386924829e+00 2.788923368784682489e-03 9.960782852748693017e-01 1.129581563060060110e-03 3.003907862167104020e-06 2.058854233942354110e-07
8.939292861907938814e+00 1.116677990136322358e-02 9.882663505797257830e-01 5.527080227216337729e-04 1.316689201690950071e-05 9.946041720088159906e-07
9.072715143428952800e+00 7.763527243335790204e-04 9.985394157054304776e-01 6.831937157435058212e-04 9.550731147681880055e-07 8.278137691935572320e-08
9.206137424949966785e+00 8.921569843436576511e-03 9.900675418328835908e-01 1.002124130113958523e-03 7.956611110034180365e-06 8.075824545302922730e-07
9.339559706470980771e+00 6.363880103319533195e-03 9.933712703597487037e-01 2.625919349772258028e-04 1.815333999892815069e-06 4.422679531199069254e-07
9.472981987991994757e+00 2.306508472662008140e-03 9.963535105527440150e-01 1.333895945588277907e-03 5.760856920666072598e-06 3.241720833847620256e-07
9.606404269513008742e+00 1.133299747651376858e-02 9.885887064510093802e-01 7.004479746853978055e-05 7.332344057267686258e-06 9.189309492528317497e-07
9.739826551034022728e+00 1.058624196415220006e-03 9.975481090678085527e-01 1.387591410212743416e-03 5.605695784399865959e-06 6.962977666240924236e-08
9.873248832555036714e+00 8.381459345529437485e-03 9.914158425404480113e-01 1.887141376701231138e-04 1.300099486015588975e-05 9.829814900144829234e-07
1.000667111407605070e+01 7.006657247582251044e-03 9.918562912873922777e-01 1.131515121876157642e-03 5.238859903259458752e-06 2.974832436045251901e-07
1.014009339559706468e+01 1.882644568453656917e-03 9.975438878785323205e-01 5.593769871249459034e-04 1.353701664275253389e-05 5.535492445487870225e-07
1.027351567711807867e+01 1.141107258361150241e-02 9.878953466274517092e-01 6.901412746117066566e-04 2.700461427090151587e-06 7.390528963043097819e-07
1.040693795863909266e+01 1.409648054391944181e-03 9.975705275845176967e-01 1.009064651981114768e-03 1.064283393209267624e-05 1.168751755754923746e-07
1.054036024016010664e+01 7.808550202496517857e-03 9.919152523900578444e-01 2.746197525498935842e-04 6.671703672610421267e-07 9.104845273937770357e-07
1.067378252168112063e+01 7.642412396297816948e-03 9.910208597750014281e-01 1.329375665658023755e-03 7.166027097497803821e-06 1.861359435659669261e-07
1.080720480320213461e+01 1.522056516803000715e-03 9.983920602809387423e-01 8.204158037724265304e-05 3.204840001570548211e-06 6.367818777694193129e-07
1.094062708472314860e+01 1.141424451297086071e-02 9.871995712188245120e-01 1.378714344825163933e-03 6.765694353823037805e-06 7.042290237418278584e-07
1.107404936624416258e+01 1.821752773687952730e-03 9.979663291910888523e-01 2.031546521777975115e-04 8.543416871424459346e-06 2.199661724287978971e-07
1.120747164776517657e+01 7.203582913719838547e-03 9.916508424868885063e-01 1.137118828842787269e-03 7.373178360451300257e-06 1.082592187390217438e-06
1.134089392928619056e+01 8.257502663995514719e-03 9.911572068068175145e-01 5.723844919374969234e-04 1.280488225526822114e-05 1.011549926232633521e-07
1.147431621080720454e+01 1.224905633933210921e-03 9.980588147021142165e-01 7.105405784514029445e-04 4.858519899512727277e-06 8.805655998075582734e-07
1.160773849232821853e+01 1.135579207011552273e-02 9.876192237134675533e-01 1.012574400808142127e-03 1.202028998585628627e-05 3.895256212555059186e-07
1.174116077384923251e+01 2.286964877542109129e-03 9.974112003971207230e-01 3.001122717808006666e-04 1.392201149474090294e-06 3.302524060466944666e-07
1.187458305537024650e+01 6.588090114007013470e-03 9.920720249729391149e-01 1.329746881552461377e-03 9.388062604757695781e-06 7.499688959845310115e-07
1.200800533689126048e+01 8.833691066396186578e-03 9.910586454979760651e-01 1.072223195892339130e-04 3.675726032377808040e-07 7.354343470580288055e-08
1.214142761841227447e+01 9.938186761601749877e-04 9.976113001348694276e-01 1.385018319527421462e-03 9.086091345099936729e-06 7.767780968575652460e-07
1.227484989993328846e+01 1.123150658012015204e-02 9.885425024628745616e-01 2.215995239355061225e-04 3.974563085738892943e-06 4.168699832382916410e-07
1.240827218145430244e+01 2.804047482523889384e-03 9.960349945379353143e-01 1.150957593523195197e-03 9.559102250005625142e-06 4.412837665604672959e-07
1.254169446297531643e+01 5.976851205823517990e-03 9.934285520830997696e-01 5.852019237253873419e-04 8.428397068381144933e-06 9.663902821759296733e-07
1.267511674449633041e+01 9.358894484754907636e-03 9.898956690431141014e-01 7.365276551161776186e-04 8.787443020399952567e-06 1.213739933516179479e-07
1.280853902601734617e+01 8.344151185663267051e-04 9.981270045748439346e-01 1.027493470573108891e-03 9.997281905284263290e-06 1.089554110463487209e-06
1.294196130753836016e+01 1.102753528493388181e-02 9.886321764115579835e-01 3.354722286730432994e-04 4.631718951695054781e-06 1.843558829621383806e-07
1.307538358905937415e+01 3.368032750282601642e-03 9.952788967471999371e-01 1.342982719943527047e-03 9.434769924721635252e-06 6.530126479572420606e-07
1.320880587058038813e+01 5.374107934215723373e-03 9.944896771378280986e-01 1.350399543248338578e-04 6.017961655180864984e-07 5.731774644320769727e-07
1.334222815210140212e+01 9.840724066015285598e-03 9.887563232793525891e-01 1.393945773898630459e-03 8.847399009845948207e-06 1.594817220862463462e-07
1.347565043362241610e+01 7.478162236392598859e-04 9.990151525385101428e-01 2.353491235159794125e-04 8.188430841493905748e-07 8.632712489978150303e-07
1.360907271514343009e+01 1.074566171596729076e-02 9.880753537881004078e-01 1.167803441188340445e-03 1.101614848197457522e-05 1.649062607276603272e-07
1.374249499666444407e+01 3.965452584947170948e-03 9.954380594499624424e-01 5.914617878716295308e-04 4.288987382178558892e-06 7.371898348533323104e-07
1.387591727818545806e+01 4.774886902505555419e-03 9.944486044329009511e-01 7.637721664748153968e-04 1.208778287227558665e-05 6.487152443845759942e-07
1.400933955970647204e+01 1.027618724658868436e-02 9.886856210433099257e-01 1.030344059964445180e-03 7.511837812153178458e-06 3.358123223411796762e-07
1.414276184122748603e+01 7.316012343991083224e-04 9.988998661468572182e-01 3.585513066350848126e-04 8.920983410369566797e-06 1.060328695494918225e-06
1.427618412274850002e+01 1.040436419436981987e-02 9.882382767395603285e-01 1.349912785021863256e-03 7.334729543211782342e-06 1.115515023299295490e-07
1.440960640426951400e+01 4.578533208252518610e-03 9.952721040372191075e-01 1.444954265435668701e-04 3.911299475446267817e-06 9.560285072307002251e-07
1.454302868579052799e+01 4.189583118453893591e-03 9.943930804258231948e-01 1.409673678236431169e-03 7.334046574644398278e-06 3.287309095053091197e-07
1.467645096731154197e+01 1.065136781389848346e-02 9.891180612614025591e-01 2.294855891971190210e-04 6.190903826947477288e-07 4.662451164909558614e-07
1.480987324883255596e+01 7.851398414213247787e-04 9.980239494715090753e-01 1.180442990071036737e-03 9.708635085288832940e-06 7.590619104185114244e-07
1.494329553035356994e+01 1.001493496951512061e-02 9.894063447887422313e-01 5.764916839055395613e-04 2.101827902856973442e-06 1.267299315521074687e-07
1.507671781187458393e+01 5.201621805619118313e-03 9.940198204593526654e-01 7.648585922507040872e-04 1.276829960800076621e-05 9.308431669925493290e-07
1.521014009339559792e+01 3.634333212043586257e-03 9.953370778694951015e-01 1.023271077789692082e-03 5.038384236416384353e-06 2.794564331639531467e-07
1.534356237491661190e+01 1.094652963623816283e-02 9.886852093496524274e-01 3.541893123348870457e-04 1.342412798919011372e-05 6.475737838846604067e-07
1.547698465643762589e+01 9.100923970193736893e-04 9.977288703313990093e-01 1.354025147191901049e-03 6.290399597239491862e-06 7.217247908882900609e-07
1.561040693795863987e+01 9.573789982854959829e-03 9.902814232167814756e-01 1.361092276808358351e-04 8.446495175730887270e-06 2.310775060310071309e-07
1.574382921947965386e+01 5.836748478238402982e-03 9.927469945039363308e-01 1.409257693825252591e-03 6.038719903233521244e-06 9.606040962805292597e-07
1.587725150100066784e+01 3.122933926517434868e-03 9.966579958587409305e-01 2.162126804793377773e-04 2.679475287153799331e-06 1.780589753155180078e-07
1.601067378252168183e+01 1.116833871601778487e-02 9.876522358114204758e-01 1.171575235760064036e-03 7.108114552355513310e-06 7.421222496881555957e-07
1.614409606404269582e+01 1.106348882959613464e-03 9.983274270347787249e-01 5.647423129863828181e-04 8.978319081767916839e-07 5.839373667999108638e-07
1.627751834556370980e+01 9.077418005823845171e-03 9.901539151779660264e-01 7.565269934521771716e-04 1.182556543005755173e-05 3.142573278875704630e-07
1.641094062708472379e+01 6.480190385174562639e-03 9.925020529161246996e-01 1.013907540951959098e-03 2.841475928468165860e-06 1.007681820349997209e-06
1.654436290860573777e+01 2.657010821721711522e-03 9.969787038608979302e-01 3.494552164937748734e-04 1.468626334027529238e-05 1.438375459021599801e-07
1.667778519012675176e+01 1.132836385693035929e-02 9.873195101401409657e-01 1.346108346536044375e-03 5.062188223746683843e-06 9.554681685933257647e-07
1.681120747164776574e+01 1.370885951250703063e-03 9.984799105459417623e-01 1.363516267011081052e-04 1.243923055676172714e-05 4.126455485327236667e-07
1.694462975316877973e+01 8.542215569183362472e-03 9.900434095142659485e-01 1.409179699060524732e-03 4.718412821064757607e-06 4.768046684210947803e-07
1.707805203468979371e+01 7.115203681954285209e-03 9.926567785630088236e-01 2.205426938157777560e-04 6.646294963615302358e-06 8.287662566281245877e-07
1.721147431621080770e+01 2.241795629422670220e-03 9.965741331797860481e-01 1.178430991913199423e-03 5.500087184941999913e-06 1.401116923756152768e-07
1.734489659773182169e+01 1.143156713390090784e-02 9.880000589989360593e-01 5.659366207380515197e-04 1.500423085091805724e-06 9.368233392896556576e-07
1.747831887925283567e+01 1.703854601116055459e-03 9.975211253793277999e-01 7.654783154416800383e-04 9.171132283225855893e-06 3.705718310410928905e-07
1.761174116077384966e+01 7.989333304858150381e-03 9.909933798715447884e-01 1.015539589894651554e-03 1.130785913230300080e-06 6.164477882090817854e-07
1.774516344229486364e+01 7.728819628215878243e-03 9.918884949214799018e-01 3.676580108116154740e-04 1.409786866772270471e-05 9.295708234129055854e-07
1.787858572381587763e+01 1.886413326175753486e-03 9.967506470593071599e-01 1.360152095937594997e-03 2.570410995300615549e-06 2.171075826525978379e-07
1.801200800533689161e+01 1.146015767069353923e-02 9.883557324202359995e-01 1.672830942629494196e-04 1.565187469975766910e-05 1.174940106889862293e-06
1.814543028685790560e+01 2.104348078904185945e-03 9.964582431220919689e-01 1.434033844136141768e-03 3.197346948095275874e-06 1.776079187292739055e-07
1.827885256837891959e+01 7.427707520353741405e-03 9.923075412428080666e-01 2.531768190933441254e-04 1.075505988117472871e-05 8.193578626074731564e-07
1.841227484989993357e+01 8.320665043735738647e-03 9.904660590535964149e-01 1.209316851859421537e-03 3.421691975764947408e-06 5.373588320332707002e-07
1.854569713142094756e+01 1.600165406496823796e-03 9.978017058218033863e-01 5.929497389560054940e-04 4.903752929301346573e-06 2.752798135258959404e-07
1.867911941294196154e+01 1.140891245387248669e-02 9.877764753559216127e-01 8.075261065713774077e-04 6.196053377385384347e-06 8.900302566719608839e-07
1.881254169446297553e+01 2.565683611751451605e-03 9.963946723560692664e-01 1.037499190221498812e-03 1.982614092513154752e-06 1.622278645345749320e-07
1.894596397598398951e+01 6.850205441727041933e-03 9.927169875093339035e-01 4.199208051553370469e-04 1.204540028372893387e-05 8.408434988114192226e-07
1.907938625750500350e+01 8.891946821426799374e-03 9.897241572607905491e-01 1.381280179999783229e-03 2.034496434948734229e-06 5.812413462193072006e-07
1.921280853902601748e+01 1.381944359615798696e-03 9.983823696242861701e-01 2.197453462362673087e-04 1.548997681140177460e-05 4.506930486147746734e-07
1.934623082054703147e+01 1.128475363762888005e-02 9.872431966153148997e-01 1.468626129256702349e-03 2.398537984420947981e-06 1.025079813255476653e-06
1.947965310206804546e+01 3.071157233184225541e-03 9.966172729939631880e-01 2.969639588042703770e-04 1.444534815094267225e-05 1.604658954050802642e-07
1.961307538358905944e+01 6.258008085054535263e-03 9.924744481571533550e-01 1.265015016464524815e-03 1.545810706409814197e-06 9.829306190591749359e-07
1.974649766511007343e+01 9.427958966469151408e-03 9.899432703674156953e-01 6.188933663387089596e-04 9.593981479120911634e-06 2.833182951500976604e-07
1.987991994663108741e+01 1.227579677159270407e-03 9.979020087551937479e-01 8.671819907625955177e-04 2.708983003796933162e-06 5.205938784963457068e-07
2.001334222815210140e+01 1.110207479616831354e-02 9.878450235177765881e-01 1.047206209667635429e-03 5.027779129181632190e-06 6.676972566278320194e-07
2.014676450967311538e+01 3.609191233704045574e-03 9.959186126068695355e-01 4.651090009689109409e-04 6.923572626145189594e-06 1.635858295672994511e-07
2.028018679119412937e+01 5.663566361735610302e-03 9.929361523925527289e-01 1.395422355765050778e-03 3.980693909629095278e-06 8.781960348112683859e-07
2.041360907271514336e+01 9.904718046449113508e-03 9.898346537292808112e-01 2.474854854914918228e-04 1.285389243245494854e-05 2.888463439576770674e-07
2.054703135423615734e+01 1.135435884431667836e-03 9.973629460681935344e-01 1.497361055983310006e-03 3.569673753339836683e-06 6.873176357218952512e-07
2.068045363575717133e+01 1.085296951221341281e-02 9.888231907274015464e-01 3.078405569296459353e-04 1.525984382879639917e-05 7.393596239292343516e-07
2.081387591727818531e+01 4.174666632380120111e-03 9.945283078544892019e-01 1.294362244626189387e-03 2.345224381423448118e-06 3.180441207713860999e-07
2.094729819879919930e+01 5.082606045559798918e-03 9.942866555109111104e-01 6.177559042305821174e-04 1.196013430361043937e-05 1.022404992989774569e-06
2.108072048032021328e+01 1.031331483945607287e-02 9.888004923163377091e-01 8.850721923142865514e-04 9.279221587289975890e-07 1.927297315218011835e-07
2.121414276184122727e+01 1.107730387060543685e-03 9.978421477771930448e-01 1.041606665919418175e-03 7.660887253531134576e-06 8.542825724327157906e-07
2.134756504336224125e+01 1.052905693870582506e-02 9.890001504765011386e-01 4.674514749454829741e-04 2.856074658888088462e-06 4.850351876117591355e-07
2.148098732488325524e+01 4.766453188151146929e-03 9.938454505733594901e-01 1.382633172623800319e-03 5.034796074333312976e-06 4.282697904205424238e-07
2.161440960640426923e+01 4.517721880781054578e-03 9.952400320686167756e-01 2.327866988388959486e-04 8.551979825232431352e-06 9.073719365991940052e-07
2.174783188792528321e+01 1.066220638944365660e-02 9.878554771620298158e-01 1.477050351297376973e-03 5.071705457229782960e-06 1.943917697876818983e-07
2.188125416944629720e+01 1.145497655562126597e-03 9.985555152361470510e-01 2.847567074843551128e-04 1.322077381090849639e-05 1.009626993344676572e-06
2.201467645096731118e+01 1.013427140888380901e-02 9.885842262003657899e-01 1.276498058912602920e-03 4.604774571446367435e-06 3.995572649456862266e-07
2.214809873248832517e+01 5.371635564965033562e-03 9.940208773833790756e-01 5.929398354878253090e-04 1.387575279826227133e-05 6.714633679660463073e-07
2.228152101400933915e+01 3.973016045852529460e-03 9.951566543624780214e-01 8.675411132965027070e-04 1.960605138393021299e-06 8.278732332660252447e-07
2.241494329553035314e+01 1.095937364202470912e-02 9.880205513124195038e-01 1.010141942020953204e-03 9.659892599121279431e-06 2.732109342516534316e-07
2.254836557705136713e+01 1.251005550261419892e-03 9.983059437939512115e-01 4.409765546642746754e-04 1.041860909901555931e-06 1.032240210761185316e-06
2.268178785857238111e+01 9.695207851494332466e-03 9.889516308029892011e-01 1.346861273947389057e-03 5.996865207162654700e-06 3.032063606808308466e-07
2.281521014009339510e+01 5.980068006185976053e-03 9.938119967398761911e-01 2.028551291968870704e-04 4.288355195464958077e-06 7.917695450336141245e-07
2.294863242161440908e+01 3.460465591920728386e-03 9.950866683157507664e-01 1.446081294438945983e-03 6.019271598552135680e-06 7.655262905640098996e-07
2.308205470313542307e+01 1.119463344940847122e-02 9.885339019356562673e-01 2.604582238911061541e-04 1.064385982747324146e-05 3.625312171326926067e-07
2.321547698465643705e+01 1.429427417098153366e-03 9.973123888738172349e-01 1.250942507334657687e-03 6.104663349244979826e-06 1.136538401374190894e-06
2.334889926617745104e+01 9.227551328486420859e-03 9.901820662495147696e-01 5.765214272187348674e-04 1.364257503536380723e-05 2.184197456390614187e-07
2.348232154769846503e+01 6.588859523775399650e-03 9.925555781959899404e-01 8.503248335132654193e-04 4.272590809832167077e-06 9.648559127477850571e-07
2.361574382921947901e+01 3.000903161302973660e-03 9.959857356896363312e-01 1.001398571341980369e-03 1.143838652493663831e-05 5.241911947846079169e-07
2.374916611074049300e+01 1.135848052043714716e-02 9.881997472376906622e-01 4.401978869170138173e-04 1.129534826451675515e-06 4.448201301036472169e-07
2.388258839226150698e+01 1.684548487454067900e-03 9.969666711533915482e-01 1.339396581308925768e-03 8.443650618899059781e-06 9.401272276989214951e-07
2.401601067378252097e+01 8.734008429647534266e-03 9.910469935642579609e-01 2.174154825774527887e-04 1.373502889026532733e-06 2.090206289291764852e-07
2.414943295530353495e+01 7.206211269405781231e-03 9.913476071197139250e-01 1.437894203391610736e-03 7.301064026036804446e-06 9.863434635238653059e-07
2.428285523682454894e+01 2.604473747014932929e-03 9.971027627229852586e-01 2.863641812428341610e-04 5.847136191948493928e-06 5.522125658837596936e-07
2.441627751834556292e+01 1.145470251916504666e-02 9.872760899316628258e-01 1.260236638308936822e-03 8.365297855450174009e-06 6.056130089904715585e-07
2.454969979986657691e+01 2.012003570839174162e-03 9.973649733763533254e-01 6.117293068848880366e-04 1.023161928639129987e-05 1.062126637551915365e-06
2.468312208138759090e+01 8.209884323270943626e-03 9.908892979954269098e-01 8.935051680436187924e-04 7.076504296570613324e-06 2.360089635023794008e-07
2.481654436290860488e+01 7.823889577153660471e-03 9.911264852190824204e-01 1.037074996653615348e-03 1.142665008034254052e-05 1.123557031960662219e-06
2.494996664442961887e+01 2.271777492329194771e-03 9.972171618392245973e-01 5.079532365347169502e-04 2.805310406755900152e-06 3.021215063178889952e-07
2.508338892595063285e+01 1.149728303890369847e-02 9.871200521829595065e-01 1.372638862730354414e-03 9.354186779412835973e-06 6.717286283565522125e-07
2.521681120747164684e+01 2.401912649359517517e-03 9.973064471616659432e-01 2.906945536689234584e-04 2.272109382717458998e-07 7.184243683781108089e-07
2.535023348899266082e+01 7.666376142738955991e-03 9.908409075620444595e-01 1.483488381540232388e-03 8.982636488824444687e-06 2.452771886536961421e-07
2.548365577051367481e+01 8.421784159555294191e-03 9.912221442828745843e-01 3.533352212323609127e-04 1.739418348495244160e-06 9.969179898002009921e-07
2.561707805203469235e+01 1.998530038071291443e-03 9.966618218784704109e-01 1.328915573455161569e-03 1.040801934222108342e-05 3.244906614590138029e-07
2.575050033355570633e+01 1.148129931196374513e-02 9.878429283162921681e-01 6.688787837790550334e-04 6.063377120936530717e-06 8.302108455779842230e-07
2.588392261507672032e+01 2.845521399115132164e-03 9.961660172815485215e-01 9.776868917907351880e-04 9.995786107423171494e-06 7.786414388435926349e-07
2.601734489659773431e+01 7.115275394211828010e-03 9.917824822739587098e-01 1.093478825774063653e-03 8.341174352657645694e-06 4.223317033937847511e-07
2.615076717811874829e+01 8.976590169168999558e-03 9.904218202495417289e-01 5.936703202920211222e-04 6.842751423149001161e-06 1.076509574758224917e-06
2.628418945963976228e+01 1.785017644538590539e-03 9.967684431702080738e-01 1.437824899559530687e-03 8.480845356915961913e-06 2.334403371756056094e-07
2.641761174116077626e+01 1.138891942901109136e-02 9.882455940120355997e-01 3.624698953522406740e-04 2.110466046532821233e-06 9.061975541406604314e-07
2.655103402268179025e+01 3.335638322369088166e-03 9.951059800124898436e-01 1.549211302142147230e-03 8.722893660539184150e-06 4.474693383879596221e-07
2.668445630420280423e+01 6.559042069366584696e-03 9.930390731877487553e-01 4.009499319198869620e-04 4.600105278887522386e-07 4.748004363326330510e-07
2.681787858572381822e+01 9.485968091229172658e-03 9.891179766144683194e-01 1.385061382255564589e-03 1.018478821305653162e-05 8.091238335793080303e-07
2.695130086724483220e+01 1.629600127257898158e-03 9.976669968741896932e-01 7.005774409839285975e-04 2.588909220040769273e-06 2.366483482882928328e-07
2.708472314876584619e+01 1.120685986494763912e-02 9.877539881034016478e-01 1.025755367431470822e-03 1.246402020075223050e-05 9.326440181789047760e-07
2.721814543028686018e+01 3.858818800456889110e-03 9.950150182638157759e-01 1.119915393539671310e-03 5.847719877014705272e-06 3.998223104445233718e-07
2.735156771180787416e+01 5.988879771263247616e-03 9.933713763675859898e-01 6.280521148166866860e-04 1.099620143035176618e-05 6.955449034448604245e-07
2.748498999332888815e+01 9.949044739630647297e-03 9.885861921048397782e-01 1.456633758125110145e-03 7.359458051105070191e-06 7.699393527633203134e-07
2.761841227484990213e+01 1.529460411313683914e-03 9.980929612375361026e-01 3.709814227471644140e-04 6.235448255061956089e-06 3.614801476036949751e-07
2.775183455637091612e+01 1.094930300146966171e-02 9.874835859216336553e-01 1.559374157259258223e-03 6.770554434298653347e-06 9.663652027199845196e-07
2.788525683789193010e+01 4.399213207207673670e-03 9.952148187663484302e-01 3.836917861241153716e-04 1.979127434037310978e-06 2.971128856192065233e-07
2.801867911941294409e+01 5.408841428079028124e-03 9.931979790040762479e-01 1.384148425404852379e-03 8.236201564710098400e-06 7.949408747671934652e-07
2.815210140093395808e+01 1.035890231535045204e-02 9.889740175651429155e-01 6.652632330470910956e-04 1.206606335976850721e-06 6.102801234202900248e-07
2.828552368245497206e+01 1.484481135291795080e-03 9.975024118533794004e-01 1.001404571178158382e-03 1.126750643867015211e-05 4.349337113639955802e-07
2.841894596397598605e+01 1.063273049846501055e-02 9.882837486957896100e-01 1.078481952224754617e-03 4.042178572590902688e-06 9.966749471516656853e-07
2.855236824549700003e+01 4.949327458449750278e-03 9.944577511820869020e-01 5.794624266697807674e-04 1.319257493007959994e-05 2.663578621710243009e-07
2.868579052701801402e+01 4.838187446795264718e-03 9.937340638542001559e-01 1.420852294671355034e-03 5.866781008269486946e-06 1.029623323940466466e-06
2.881921280853902800e+01 1.069911553965707286e-02 9.889767220359024780e-01 3.125773589129811759e-04 1.107732544083356743e-05 5.077400856815906404e-07
2.895263509006004199e+01 1.502092112711050139e-03 9.969716930191738768e-01 1.519752205137127202e-03 5.804645262048405762e-06 6.580177146756078564e-07
2.908605737158105597e+01 1.026633787715921370e-02 9.894034960602264839e-01 3.243202438736761482e-04 4.901811779278535640e-06 9.440069601721552422e-07
2.921947965310206996e+01 5.517026288485696664e-03 9.931523470666899778e-01 1.324462695224070145e-03 5.845177645663408560e-06 3.187719532192079235e-07
2.935290193462308395e+01 4.300364401920849129e-03 9.950873315959674059e-01 6.101049035211594590e-04 1.079091190404827312e-06 1.120007398668525855e-06
2.948632421614409793e+01 1.097370264615220130e-02 9.880846107238017151e-01 9.321533296086322896e-04 9.062449382036491481e-06 4.708510543812866627e-07
2.961974649766511192e+01 1.591276801443975829e-03 9.973757762549240180e-01 1.030449720101696926e-03 1.666397096381242429e-06 8.308264325660026717e-07
2.975316877918612590e+01 9.848236635088884056e-03 9.896127005436016200e-01 5.239923548045969780e-04 1.408068992921258910e-05 9.897765740079188839e-07
2.988659106070713989e+01 6.107947638573555001e-03 9.925136140230885751e-01 1.373988519037522629e-03 4.058340785569948775e-06 3.914785133704611502e-07
3.002001334222815387e+01 3.807568059414955051e-03 9.958963652760995933e-01 2.807234847840716935e-04 1.407429025041847162e-05 1.268889449844809263e-06
3.015343562374916786e+01 1.119817059575204526e-02 9.873209989877383963e-01 1.475873531392068744e-03 4.631162299150291121e-06 3.257228168235593667e-07
3.028685790527018185e+01 1.756898535564896694e-03 9.979204640756882405e-01 3.126290586994710970e-04 9.050013036277074668e-06 9.583170092958471917e-07
3.042028018679119583e+01 9.393574942184266391e-03 9.893029520071844329e-01 1.298541131376700596e-03 4.195829049160973049e-06 7.360902032957882107e-07
3.055370246831220982e+01 6.715614825578954117e-03 9.926746794819436559e-01 6.059942387997161112e-04 3.281225559733862667e-06 4.302281161001573084e-07
3.068712474983322380e+01 3.366831675923833648e-03 9.956909018744111162e-01 9.337837726215672974e-04 7.323282574061092610e-06 1.159394467498472549e-06
3.082054703135423779e+01 1.138464150990370176e-02 9.875879099559031760e-01 1.025980890835495336e-03 1.134481377937661446e-06 3.331619779072822139e-07
3.095396931287525177e+01 2.000844580263875464e-03 9.974300168832934688e-01 5.555323280750672959e-04 1.251212622633146186e-05 1.094082138871903145e-06
3.108739159439626576e+01 8.921703407074129191e-03 9.896917480037913384e-01 1.383313965892155701e-03 2.467006963709040912e-06 7.676162766458640300e-07
3.122081387591727974e+01 7.323200992344827166e-03 9.923205155772418795e-01 3.399744901347478325e-04 1.569294137208574670e-05 6.159989046274871474e-07
3.135423615743829373e+01 2.985517674460399888e-03 9.954919964028516866e-01 1.518474024788482157e-03 2.831620527045369784e-06 1.180277371246541563e-06
3.148765843895930772e+01 1.151825960799529244e-02 9.880837595506459792e-01 3.845248634137225373e-04 1.316981962449701493e-05 2.861583188551962299e-07
3.162108072048032170e+01 2.321241987622889216e-03 9.963001187822028148e-01 1.374989818594916533e-03 2.582947771114265636e-06 1.066463806337085309e-06
3.175450300200133569e+01 8.444812341010821469e-03 9.908737648237431195e-01 6.738776557595449988e-04 7.086288668933577904e-06 4.588908154385371141e-07
3.188792528352234967e+01 7.922700436593746801e-03 9.910380103821737618e-01 1.034554765210259119e-03 4.151670894899553304e-06 5.827451247996029613e-07
3.202134756504336366e+01 2.669631634026268120e-03 9.962333376458801792e-01 1.092433053687632107e-03 3.713174694510229119e-06 8.844917092633573199e-07
3.215476984656437764e+01 1.158064144555908011e-02 9.877376815889109540e-01 6.722123338649331438e-04 9.171914598220819824e-06 2.927170648883257311e-07
3.228819212808539163e+01 2.709474371835098212e-03 9.958243204916965574e-01 1.462033178658788020e-03 3.132567580485979656e-06 1.039390227502595226e-06
3.242161440960640562e+01 7.949680583196795311e-03 9.915769903957690756e-01 4.588377912723551723e-04 1.401475268423350829e-05 4.764770761107527045e-07
3.255503669112741960e+01 8.507999202516578624e-03 9.898709497614749386e-01 1.617126114395804658e-03 3.154391490874161371e-06 7.705301203147562423e-07
3.268845897264843359e+01 2.414537636447632897e-03 9.970803517453882270e-01 4.902527489335798067e-04 1.399421070880790011e-05 8.636585208912702725e-07
3.282188125416944757e+01 1.156454218120667003e-02 9.869384718801376133e-01 1.494556339012803473e-03 2.021005502949047112e-06 4.085941389980708432e-07
3.295530353569046156e+01 3.145513810831518202e-03 9.960830136704075244e-01 7.596405259460698020e-04 1.081789493941905660e-05 1.014097874394066275e-06
3.308872581721147554e+01 7.425029428833105835e-03 9.914109549675771405e-01 1.162040566897287177e-03 1.631314160200159673e-06 3.437225313187780236e-07
3.322214809873248953e+01 9.066070691196538231e-03 9.897676721142271150e-01 1.158632809417525994e-03 6.820102201368600762e-06 8.042829569876758616e-07
3.335557038025350352e+01 2.208648853299487180e-03 9.970079018253190650e-01 7.782386124943729269e-04 4.596363085705437387e-06 6.143458004585043375e-07
3.348899266177451750e+01 1.147735222616839273e-02 9.869973980560915461e-01 1.519829158802460216e-03 4.952245412794966445e-06 4.683135239998594068e-07
3.362241494329553149e+01 3.610215582172360185e-03 9.958549611913963817e-01 5.245926710921203998e-04 9.307768045680637640e-06 9.227872927810285834e-07
3.375583722481654547e+01 6.871125262021399865e-03 9.914411726223073540e-01 1.682601429435859200e-03 4.768846473777683290e-06 3.318397606444821324e-07
3.388925950633755946e+01 9.568900854317347743e-03 9.898970711573821246e-01 5.196842860762824210e-04 1.336526553089350527e-05 9.784366925876862120e-07
3.402268178785857344e+01 2.044468732828664311e-03 9.963942195850297168e-01 1.557284129503766794e-03 3.517588798619347760e-06 5.099638384988781539e-07
3.415610406937958743e+01 1.131614739998449207e-02 9.879057186154480696e-01 7.645735030118730935e-04 1.282951038622333964e-05 7.309711683052040649e-07
3.428952635090060141e+01 4.094292294359543061e-03 9.947136345414924197e-01 1.189361343143492461e-03 1.875475446329495982e-06 8.363455565029773964e-07
3.442294863242161540e+01 6.304743726222314729e-03 9.925331235118626250e-01 1.152676579496951775e-03 9.021363632433745174e-06 4.348187839040083052e-07
3.455637091394262939e+01 1.000304680569191577e-02 9.892361817773809296e-01 7.581762415596562292e-04 1.589192611991349733e-06 1.005982754050306660e-06
3.468979319546364337e+01 1.924741321401744840e-03 9.965625433548105372e-01 1.506010551959591215e-03 6.283951610040878560e-06 4.208202173248469012e-07
3.482321547698465736e+01 1.107278248635746795e-02 9.884503430426709869e-01 4.705797692355432596e-04 5.462491518816067693e-06 8.322102168318459127e-07
3.495663775850567134e+01 4.600530597786995496e-03 9.937497956381869946e-01 1.643565678614708090e-03 5.352578957639671670e-06 7.555064530618701628e-07
3.509006004002668533e+01 5.735482354747718260e-03 9.938012984642480285e-01 4.517174019267287954e-04 1.101977123542271760e-05 4.820078418804344900e-07
3.522348232154769931e+01 1.037485667106874745e-02 9.881335099785336640e-01 1.484942129414681174e-03 5.582871194162084684e-06 1.108349788339131472e-06
3.535690460306871330e+01 1.857627936837625421e-03 9.974303206832904056e-01 6.981701735934206900e-04 1.353340711068281576e-05 3.477991678463878523e-07
