0.000000000000000000e+00 0.000000000000000000e+00 1.000000000000000000e+00 0.000000000000000000e+00 0.000000000000000000e+00 0.000000000000000000e+00
1.334222815210140134e-01 1.022560523269981300e-02 9.884463600054688159e-01 1.317448159330993204e-03 9.884292769302586309e-06 7.023097311339079388e-07
2.668445630420280268e-01 4.213251615667942297e-03 9.956204019720245046e-01 1.638440998834018276e-04 2.179154906631831876e-06 3.231575177246458805e-07
4.002668445630420679e-01 3.573559652489205919e-03 9.953814962290552515e-01 1.032840532702978447e-03 1.175003305170172347e-05 3.535527012287766012e-07
5.336891260840560536e-01 1.061543556066531398e-02 9.888068462913691681e-01 5.699998832824161371e-04 6.800316217982480071e-06 9.179484658528772376e-07
6.671114076050700392e-01 7.286785475345642835e-05 9.993327402367970791e-01 5.835100313164095099e-04 1.083102711662848218e-05 5.085001719708939718e-08
8.005336891260841359e-01 9.793329094296839357e-03 9.891706445760501953e-01 1.026294399757269249e-03 8.633366900917435784e-06 1.098562995687128238e-06
9.339559706470981215e-01 4.884586046395948504e-03 9.949317903765794169e-01 1.766526038277079023e-04 6.824989110882260596e-06 1.459840867524459028e-07
1.067378252168112107e+00 2.988847412695198966e-03 9.956755701613160259e-01 1.326892819048658195e-03 8.027194885568953686e-06 6.624120560568925633e-07
1.200800533689126093e+00 1.093107457203773211e-02 9.890586473435166726e-01 7.921276137094909213e-06 1.798943906420437160e-06 5.578644030413916723e-07
1.334222815210140078e+00 2.241502211645179335e-04 9.984330931673962573e-01 1.333957814721520915e-03 8.684336752088994712e-06 1.144599664564318460e-07
1.467645096731154064e+00 9.319302911947463519e-03 9.905190362835113449e-01 1.602178369170412448e-04 5.982555364592445530e-07 8.447120882490109067e-07
1.601067378252168272e+00 5.563997812960012022e-03 9.933798731629625012e-01 1.044979321504752858e-03 1.107991632845863397e-05 6.978624480579343963e-08
1.734489659773182257e+00 2.451367668504734511e-03 9.969769290681363971e-01 5.677259667566644579e-04 3.292427477673412007e-06 6.848691242035668091e-07
1.867911941294196243e+00 1.116027466203047512e-02 9.882289587497757877e-01 5.964055879838751776e-04 1.380076737769805743e-05 5.602328317054556587e-07
2.001334222815210229e+00 4.520438952589664154e-04 9.985038112399511334e-01 1.037925061553001283e-03 5.972823961621784658e-06 2.469792751320119071e-07
2.134756504336224214e+00 8.793698936290884199e-03 9.910026090305679158e-01 1.911146086429792103e-04 1.155929664909235246e-05 1.018127848527605230e-06
2.268178785857238200e+00 6.248857891218247661e-03 9.924011941985443341e-01 1.343265089504263547e-03 6.664033854333994668e-06 1.878687859316991253e-08
2.401601067378252186e+00 1.968005021033117190e-03 9.980095182964873191e-01 1.611691312594750787e-05 5.425493841169245629e-06 9.342755115571061630e-07
2.535023348899266171e+00 1.131401801803880863e-02 9.873320967726325614e-01 1.347363111625931665e-03 6.247036609307803933e-06 2.750610925366567489e-07
2.668445630420280157e+00 7.502192214508405154e-04 9.990837680355495465e-01 1.643620720604962516e-04 1.232107338572263259e-06 4.185635997249891477e-07
2.801867911941294143e+00 8.218840857164125963e-03 9.907123950992278161e-01 1.058729638806665775e-03 9.281230921343936041e-06 7.531738798381424393e-07
2.935290193462308128e+00 6.927544846694630963e-03 9.925002214215505880e-01 5.709116377166838317e-04 1.284933107035233500e-06 3.716092975460058101e-08
3.068712474983322114e+00 1.536199007118079591e-03 9.978418426857692536e-01 6.074944663107960559e-04 1.353981935611844047e-05 9.240214447192751088e-07
3.202134756504336544e+00 1.140018559497707473e-02 9.875554902539352975e-01 1.039850484343699845e-03 4.300738401206315235e-06 1.729283421322017739e-07
3.335557038025350529e+00 1.112311050146036788e-03 9.986745510294708916e-01 1.982085589701089250e-04 1.433911964270053474e-05 5.902417693984627029e-07
3.468979319546364515e+00 7.612762711883620977e-03 9.910298419884239207e-01 1.351286975745982864e-03 5.484358515337869507e-06 6.239654305289976327e-07
3.602401601067378500e+00 7.576675327094268934e-03 9.923886053082019432e-01 2.398698495998559930e-05 1.060707443876242227e-05 1.253053043479936797e-07
3.735823882588392486e+00 1.161618117053288182e-03 9.974719796793944937e-01 1.360061643219837718e-03 5.477429782355784433e-06 8.631305493069070426e-07
3.869246164109406472e+00 1.141405770714764255e-02 9.884137293568794336e-01 1.681489198885875746e-04 3.990081760889981790e-06 7.393432250576373899e-08
4.002668445630420457e+00 1.537502836728937925e-03 9.973915486603261993e-01 1.063186035394294302e-03 7.128355840934089423e-06 6.341117088461705687e-07
4.136090727151434443e+00 6.994835710038618641e-03 9.924360107908311024e-01 5.678588606353478967e-04 7.680059513577408540e-07 5.266325420548892780e-07
4.269513008672448429e+00 8.189260155343347850e-03 9.911917957748010988e-01 6.073524720806193012e-04 1.138717399833795420e-05 2.044237749202523335e-07
4.402935290193462414e+00 8.533741998789829992e-04 9.981049215835555710e-01 1.039015837659186710e-03 1.702025906385616540e-06 9.863529979625037150e-07
4.536357571714476400e+00 1.133806242108997657e-02 9.884405439997548948e-01 2.054022590738848050e-04 1.594229992732238929e-05 4.902015219305471076e-08
4.669779853235490386e+00 2.023793201634732208e-03 9.966197207030498273e-01 1.352085672715760750e-03 3.472546865414564883e-06 9.278757329180651274e-07
4.803202134756504371e+00 6.367073102945172355e-03 9.935837573771794107e-01 3.438066491301476320e-05 1.446103382687105375e-05 3.278211331746993944e-07
4.936624416277518357e+00 8.768824752629664904e-03 9.898692179357736487e-01 1.357554701189970852e-03 3.992983984341167147e-06 4.096264199594989406e-07
5.070046697798532342e+00 6.190987016192394873e-04 9.991981714841750017e-01 1.735523908804714852e-04 8.453753438458761656e-06 7.236698841099136128e-07
5.203468979319546328e+00 1.117763940577865163e-02 9.877520648492704725e-01 1.065798844052670601e-03 4.462350091116826329e-06 3.455080451102208409e-08
5.336891260840560314e+00 2.561906184118507412e-03 9.968698706747427529e-01 5.644159699554747401e-04 3.003113403105459108e-06 8.040577767874901249e-07
5.470313542361574299e+00 5.727856280583112220e-03 9.936440159593237231e-01 6.191486311450483627e-04 8.713679404128494408e-06 2.654495401024159814e-07
5.603735823882588285e+00 9.317816195262364903e-03 9.896563731451980539e-01 1.024371880050125921e-03 9.540303893040906600e-07 4.847490963594326071e-07
5.737158105403602271e+00 4.583902473990128230e-04 9.993069897420771008e-01 2.197329817284880433e-04 1.401744456506830942e-05 8.695842266033588918e-07
5.870580386924616256e+00 1.094926047519338003e-02 9.877090178644055696e-01 1.339679315207176419e-03 1.927693415742691325e-06 1.146517736229044927e-07
6.004002668445630242e+00 3.137552697565928247e-03 9.967969044343202301e-01 4.800661737771179339e-05 1.636219406519513753e-05 1.174056666364748105e-06
6.137424949966644228e+00 5.087392642320666750e-03 9.935451028636848037e-01 1.365407326218903141e-03 2.000177978309872053e-06 9.698979336311676486e-08
6.270847231487658213e+00 9.817221087613762706e-03 9.899894025136325437e-01 1.791753837769151185e-04 1.336608281461109398e-05 8.349321582963260251e-07
6.404269513008673087e+00 3.716700571875249494e-04 9.985385189693359864e-01 1.087307829585015947e-03 2.054296573968578497e-06 4.488473131819872451e-07
6.537691794529687073e+00 1.066696465641633895e-02 9.887720727735327397e-01 5.538763252691614528e-04 6.849644122167766092e-06 2.366006555362829043e-07
6.671114076050701058e+00 3.745072242179008949e-03 9.956100474120544996e-01 6.395759788589898236e-04 4.518363514112553960e-06 7.860033889348710897e-07
6.804536357571715044e+00 4.465905183876881651e-03 9.945210876707686332e-01 1.009728334550535813e-03 3.226100553899702419e-06 5.271024599250066063e-08
6.937958639092729030e+00 1.025023617652532672e-02 9.895011795467498761e-01 2.373832279745461153e-04 1.046142987458030742e-05 7.396188707009268895e-07
7.071380920613743015e+00 3.609371400811548771e-04 9.982983709446542342e-01 1.337626925628139420e-03 2.597503892588536116e-06 4.674857394568111294e-07
7.204803202134757001e+00 1.032017826035507881e-02 9.896030640382087462e-01 6.037701186594081467e-05 1.601958017011700634e-05 3.611093952063804888e-07
7.338225483655770987e+00 4.382862247534984219e-03 9.942375891561615608e-01 1.376113546677970893e-03 2.451469916703274390e-06 9.835797034389447072e-07
7.471647765176784972e+00 3.875389573580825982e-03 9.959262434310589551e-01 1.828735684831040516e-04 1.541792066387383085e-05 7.550620767118355828e-08
7.605070046697798958e+00 1.061470626400008721e-02 9.882748120272160097e-01 1.108200116650026601e-03 1.273531235127405696e-06 1.008060892746557841e-06
7.738492328218812943e+00 4.266897039490379572e-04 9.990092316689280771e-01 5.529321777917173405e-04 1.093748763990620629e-05 2.089616851766709665e-07
7.871914609739826929e+00 9.904946128196199726e-03 9.894273659682313315e-01 6.659337883599716597e-04 1.230810831265714598e-06 5.233043759969663774e-07
8.005336891260840915e+00 5.044237650503261526e-03 9.939442367778700271e-01 1.004592856038326711e-03 6.312216994580993365e-06 6.204985887926689871e-07
8.138759172781854900e+00 3.315632227501795395e-03 9.964232667353010164e-01 2.553720708008536990e-04 5.641868932145260743e-06 8.709745933603751782e-08
8.272181454302868886e+00 1.092168778783690793e-02 9.877415645169251857e-01 1.331272222743183154e-03 4.625883633733852687e-06 8.495888560956215549e-07
8.405603735823882872e+00 5.658311269673829344e-04 9.993555131350878584e-01 6.685021393470751291e-05 1.162925374021642125e-05 1.762702647695417750e-07
8.539026017344896857e+00 9.430700326229645922e-03 9.891806515734472560e-01 1.383177709258040945e-03 4.841847542296467295e-06 6.285435173563590312e-07
8.672448298865910843e+00 5.708888910977535230e-03 9.940892725180187073e-01 1.858406145288062289e-04 1.533342562016481122e-05 6.645308486433060000e-07
8.805870580386924829e+00 2.788708468040148290e-03 9.960788826277359176e-01 1.129198291468886881e-03 3.004364216007988564e-06 2.062485327725624781e-07
8.939292861907938814e+00 1.116659594819012849e-02 9.882668825696324655e-01 5.523600054945527332e-04 1.316653055822881934e-05 9.949461184348557025e-07
9.072715143428952800e+00 7.761525117718572108e-04 9.985399739402514019e-01 6.828361926990825269e-04 9.544123801133778337e-07 8.294289108420122120e-08
9.206137424949966785e+00 8.921397048066562196e-03 9.900680273547753929e-01 1.001813962607721884e-03 7.953679079082693069e-06 8.079554652591470339e-07
9.339559706470980771e+00 6.363728759215993812e-03 9.933717121939432682e-01 2.623007276313263185e-04 1.815836898135263601e-06 4.424823055980321797e-07
9.472981987991994757e+00 2.306355166909844403e-03 9.963539226435548235e-01 1.333637808940736158e-03 5.759984173192399288e-06 3.243964149814194705e-07
9.606404269513008742e+00 1.133290841233120481e-02 9.885889842709651987e-01 6.985291164605006735e-05 7.335083218437991613e-06 9.193218323446243850e-07
9.739826551034022728e+00 1.058529493728407444e-03 9.975483661844017913e-01 1.387426896060178078e-03 5.607748056357344090e-06 6.967774623241935768e-08
9.873248832555036714e+00 8.381427108982228077e-03 9.914159354060307905e-01 1.886522483087893379e-04 1.300202058735133616e-05 9.832160838424566047e-07
1.000667111407605070e+01 7.006661827912137250e-03 9.918563027938059884e-01 1.131498031981509117e-03 5.239817390077818591e-06 2.975289038740121997e-07
1.014009339559706468e+01 1.882669801537717067e-03 9.975437800297384250e-01 5.594632909455909226e-04 1.353361930746654676e-05 5.532584648072762439e-07
1.027351567711807867e+01 1.141118561379548396e-02 9.878950682747081879e-01 6.903075958468177708e-04 2.699367069152423386e-06 7.391485749777503142e-07
1.040693795863909266e+01 1.409762417165667196e-03 9.975701749495631265e-01 1.009306373128212534e-03 1.063993272654649369e-05 1.163274110686973651e-07
1.054036024016010664e+01 7.808755819367106839e-03 9.919146831482046345e-01 2.749831464335525865e-04 6.674951658652642715e-07 9.103908228729442728e-07
1.067378252168112063e+01 7.642651959893133166e-03 9.910202124522055067e-01 1.329780749522114103e-03 7.168965813328480929e-06 1.858725600590921731e-07
1.080720480320213461e+01 1.522336543799439074e-03 9.983912271791915982e-01 8.259389817214634461e-05 3.206131580799751453e-06 6.362472501559968137e-07
1.094062708472314860e+01 1.141460945031733988e-02 9.871986105492391861e-01 1.379305184057876303e-03 6.770667516106880034e-06 7.041488629125156516e-07
1.107404936624416258e+01 1.822114504794081430e-03 9.979652522730426689e-01 2.038735849570931578e-04 8.540429103375285372e-06 2.192080956502838832e-07
1.120747164776517657e+01 7.204042121940257282e-03 9.916495829564182518e-01 1.137919558813265015e-03 7.373297796741499670e-06 1.082065023378265061e-06
1.134089392928619056e+01 8.257967815780793350e-03 9.911558987696335032e-01 5.732341374136896333e-04 1.279868347169194697e-05 1.005936924291892403e-07
1.147431621080720454e+01 1.225415361736778650e-03 9.980573324659376411e-01 7.115175680024220586e-04 4.855168197074954213e-06 8.794361178700457093e-07
1.160773849232821853e+01 1.135635124827679039e-02 9.876177257792549957e-01 1.013514062373018507e-03 1.201983461127680271e-05 3.890754754819749661e-07
1.174116077384923251e+01 2.287498366941233263e-03 9.974096115103613380e-01 3.011696420386798735e-04 1.391248344451772165e-06 3.292323060447690707e-07
1.187458305537024650e+01 6.588696378720938947e-03 9.920703964608055259e-01 1.330762216834316652e-03 9.395857828792983799e-06 7.490858015585668851e-07
1.200800533689126048e+01 8.834251953592617626e-03 9.910570353781724684e-01 1.082721051397698248e-04 3.675080260157200045e-07 7.305506069444309249e-08
1.214142761841227447e+01 9.944059443916868860e-04 9.976096377288669048e-01 1.386088971754409526e-03 9.091983761470795531e-06 7.753712170182038049e-07
1.227484989993328846e+01 1.123208108194924913e-02 9.885409482474654119e-01 2.225839919210189483e-04 3.970274299483525336e-06 4.164043564531618545e-07
1.240827218145430244e+01 2.804561749118053733e-03 9.960334485262596349e-01 1.151993936625268257e-03 9.555620682174923206e-06 4.401673062429369621e-07
1.254169446297531643e+01 5.977383296199512142e-03 9.934271514900147038e-01 5.860757931102028671e-04 8.423977876384354695e-06 9.654427903543597314e-07
1.267511674449633041e+01 9.359324672111453761e-03 9.898943767288111983e-01 7.373957444471346441e-04 8.781743310383101047e-06 1.211113108886958158e-07
1.280853902601734617e+01 8.348333381295261089e-04 9.981258692550731837e-01 1.028207568166782885e-03 1.000116447871246075e-05 1.088674142991962889e-06
1.294196130753836016e+01 1.102787030910285133e-02 9.886312555191282270e-01 3.360579635954667223e-04 4.631848110470701808e-06 1.843600542574273170e-07
1.307538358905937415e+01 3.368280987092634599e-03 9.952781481790217155e-01 1.343475140067751893e-03 9.442580983477768264e-06 6.531128256803961360e-07
1.320880587058038813e+01 5.374297807984305432e-03 9.944892373112375061e-01 1.352887321963804133e-04 6.035027525125635135e-07 5.726458200977521684e-07
1.334222815210140212e+01 9.840787251641162914e-03 9.887560543615199204e-01 1.394151831866969346e-03 8.846308624589846063e-06 1.602463381237602218e-07
1.347565043362241610e+01 7.478138880926567646e-04 9.990152443289977979e-01 2.352622613558611050e-04 8.168108047794127964e-07 8.627107402415879958e-07
1.360907271514343009e+01 1.074553288046083827e-02 9.880756625442278507e-01 1.167632388697812263e-03 1.100695716621936764e-05 1.652294382213538801e-07
1.374249499666444407e+01 3.965236830044718309e-03 9.954386962050546517e-01 5.910398227187456865e-04 4.289259699287057118e-06 7.378824739108344447e-07
1.387591727818545806e+01 4.774538799721415872e-03 9.944496042320239981e-01 7.631237484937168679e-04 1.208480637050074378e-05 6.484133814283360413e-07
1.400933955970647204e+01 1.027575156939291440e-02 9.886868125799547213e-01 1.029579211723082510e-03 7.519025898419178030e-06 3.376130220907456778e-07
1.414276184122748603e+01 7.310463757521115614e-04 9.989015290286573645e-01 3.574354404724395780e-04 8.928464867716557552e-06 1.060690241628958311e-06
1.427618412274850002e+01 1.040370030543009972e-02 9.882400486031279740e-01 1.348800155689576291e-03 7.337979011257125400e-06 1.129567324874314796e-07
1.440960640426951400e+01 4.577821291941666301e-03 9.952742556061229262e-01 1.430478121562289478e-04 3.917345631460556161e-06 9.579441391548749910e-07
1.454302868579052799e+01 4.188694886977944835e-03 9.943954666192956759e-01 1.408185695598136115e-03 7.323603831605677355e-06 3.291942872418779195e-07
1.467645096731154197e+01 1.065050704229264164e-02 9.891205661709756569e-01 2.278396228084861785e-04 6.184149893690156563e-07 4.687489242259397122e-07
1.480987324883255596e+01 7.841219578673010301e-04 9.980268273588357442e-01 1.178593589773326445e-03 9.697006653114759376e-06 7.600868613704259514e-07
1.494329553035356994e+01 1.001389933015324647e-02 9.894091602129918561e-01 5.747082662484735184e-04 2.103797219974486685e-06 1.283933775972313056e-07
1.507671781187458393e+01 5.200615446940754817e-03 9.940228909304791305e-01 7.627865694630690373e-04 1.277358236541107384e-05 9.334707419980908922e-07
1.521014009339559792e+01 3.633152890084754769e-03 9.953401544903428544e-01 1.021367811424029768e-03 5.044466088102796299e-06 2.803420507123463501e-07
1.534356237491661190e+01 1.094555697821419059e-02 9.886882291788694488e-01 3.521237863514942580e-04 1.343973077758219665e-05 6.503257782535361896e-07
1.547698465643762589e+01 9.089414182543814570e-04 9.977319747134673067e-01 1.352073601625612036e-03 6.286957060445783056e-06 7.233095838884511171e-07
1.561040693795863987e+01 9.572781212940771611e-03 9.902842574034346201e-01 1.342770111329747796e-04 8.452186986171783531e-06 2.321854966228160041e-07
1.574382921947965386e+01 5.835850202303916739e-03 9.927497459366632082e-01 1.407415800560697780e-03 6.024728380682154732e-06 9.633320830173057002e-07
1.587725150100066784e+01 3.121918063297323982e-03 9.966604973445946092e-01 2.147319161158996268e-04 2.674438410474753458e-06 1.782375734823301506e-07
1.601067378252168183e+01 1.116772346899492542e-02 9.876544095033367165e-01 1.170018153011430015e-03 7.104307089049085230e-06 7.445675598837277800e-07
1.614409606404269582e+01 1.105546073098853796e-03 9.983293461191092844e-01 5.636254216762915390e-04 8.970965557870837171e-07 5.852895517082786085e-07
1.627751834556370980e+01 9.076950647618044557e-03 9.901554214190719794e-01 7.554719698157553358e-04 1.184084184965196536e-05 3.151216358026336313e-07
1.641094062708472379e+01 6.479868816434024292e-03 9.925030726859404018e-01 1.013203900729189649e-03 2.844856798910721623e-06 1.009740089077208846e-06
1.654436290860573777e+01 2.656671481065118936e-03 9.969793407886077263e-01 3.491452152484401440e-04 1.469882490813557093e-05 1.436901619021839374e-07
1.667778519012675176e+01 1.132855186156614576e-02 9.873194975892828351e-01 1.345937790135512966e-03 5.057125177470096082e-06 9.556338286225123633e-07
1.681120747164776574e+01 1.370880190575905419e-03 9.984794107163278420e-01 1.368657722526618408e-04 1.243044084315429855e-05 4.128799907724669879e-07
1.694462975316877973e+01 8.542705168013574671e-03 9.900424123089213158e-01 1.409696475754233531e-03 4.711461348576696125e-06 4.745859526920717073e-07
1.707805203468979371e+01 7.115792874300318031e-03 9.926549930629355867e-01 2.217528237933537641e-04 6.632341212074588033e-06 8.288977493299291844e-07
1.721147431621080770e+01 2.242472630984963192e-03 9.965720745919424139e-01 1.179803707341626779e-03 5.510839868133456840e-06 1.382298531883784173e-07
1.734489659773182169e+01 1.143277266644546729e-02 9.879970998840694740e-01 5.676900895051438913e-04 1.502250899584045814e-06 9.351090698496735970e-07
1.747831887925283567e+01 1.704843264134763697e-03 9.975178297590973076e-01 7.677653996859762700e-04 9.190857124575603214e-06 3.707199471275575965e-07
1.761174116077384966e+01 7.990885562158177302e-03 9.909895311247923777e-01 1.017832043706770823e-03 1.138386027046042387e-06 6.128833057229268354e-07
1.774516344229486364e+01 7.730325543251503374e-03 9.918839254933606853e-01 3.707255839229463171e-04 1.409415273759288035e-05 9.292267172046184562e-07
1.787858572381587763e+01 1.888077857084232520e-03 9.967460327237211981e-01 1.363107985373454827e-03 2.567291287727977191e-06 2.141425233720569761e-07
1.801200800533689161e+01 1.146219751253271975e-02 9.883501669895750075e-01 1.708409206043246897e-04 1.562303004158938012e-05 1.171547236278610482e-06
1.814543028685790560e+01 2.106128402007005022e-03 9.964528515415785881e-01 1.437647335724354797e-03 3.196139086717576982e-06 1.765815934469149301e-07
1.827885256837891959e+01 7.429987763590407794e-03 9.923015726330070008e-01 2.568877022233442744e-04 1.073732508911715942e-05 8.145760807849412502e-07
1.841227484989993357e+01 8.322684155210344908e-03 9.904599894380925473e-01 1.213352598210430851e-03 3.438028931474638269e-06 5.357795451266019262e-07
1.854569713142094756e+01 1.602347809195885705e-03 9.977958241111765103e-01 5.966403827803113064e-04 4.914864767315667937e-06 2.728320696884274867e-07
1.867911941294196154e+01 1.141118639452088669e-02 9.877700389851705731e-01 8.116803457759558900e-04 6.208834571507086335e-06 8.854399510833655126e-07
1.881254169446297553e+01 2.567659846090470169e-03 9.963890095773406674e-01 1.041172009583828020e-03 1.996667038562293028e-06 1.618999368097582234e-07
1.894596397598398951e+01 6.852471275422075507e-03 9.927108422196596615e-01 4.238243751266032827e-04 1.202691346394794191e-05 8.352163171893542860e-07
1.907938625750500350e+01 8.893765603006099571e-03 9.897187630681175685e-01 1.384860107989418750e-03 2.032101451531468137e-06 5.791194250086976972e-07
1.921280853902601748e+01 1.383836103076607846e-03 9.983772742016496782e-01 2.229821303105501251e-04 1.545907743631927449e-05 4.484875156405470139e-07
1.934623082054703147e+01 1.128642519361920324e-02 9.872383019825600181e-01 1.471854786983843415e-03 2.397713165486020875e-06 1.020323660197181497e-06
1.947965310206804546e+01 3.072519834315935901e-03 9.966135769824331359e-01 2.992968782700754834e-04 1.444452081435471945e-05 1.617841553371656943e-07
1.961307538358905944e+01 6.259350982846626464e-03 9.924706323098765326e-01 1.267480092836517636e-03 1.557090404629504522e-06 9.795240245683438722e-07
1.974649766511007343e+01 9.428802811220443267e-03 9.899409427399391559e-01 6.203522559507392399e-04 9.618768894124497064e-06 2.834239842236651168e-07
1.987991994663108741e+01 1.228321230582321349e-03 9.979000016261512229e-01 8.684477347801569137e-04 2.707670075226199625e-06 5.217383989582900607e-07
2.001334222815210140e+01 1.110239001029681392e-02 9.878440029150379331e-01 1.047905645349246281e-03 5.036520334792944221e-06 6.649089693430732336e-07
2.014676450967311538e+01 3.609241687840034074e-03 9.959187302231308214e-01 4.649615148267824513e-04 6.900089623574554688e-06 1.664845668559113205e-07
2.028018679119412937e+01 5.663276602311588699e-03 9.929366428669081923e-01 1.395237294084992379e-03 3.966222385441949206e-06 8.770142980344644106e-07
2.041360907271514336e+01 9.904089868418914505e-03 9.898367978504128972e-01 2.459772143458601053e-04 1.284570273174881392e-05 2.893640786452311208e-07
2.054703135423615734e+01 1.134489802219114298e-03 9.973653801535452557e-01 1.495875859019835108e-03 3.562499711466816899e-06 6.916854928340347774e-07
2.068045363575717133e+01 1.085160097138525119e-02 9.888271448221703785e-01 3.052250941269767266e-04 1.529021744194146082e-05 7.388948636030639857e-07
2.081387591727818531e+01 4.173162183879012936e-03 9.945328181530495026e-01 1.291344292155418606e-03 2.351121852841743961e-06 3.242490513996147460e-07
2.094729819879919930e+01 5.080516875711649227e-03 9.942921066314290846e-01 6.143605595654622097e-04 1.198995058295796808e-05 1.025982698821129329e-06
2.108072048032021328e+01 1.031129674491870936e-02 9.888068594488084173e-01 8.807276256442189265e-04 9.209303312594069749e-07 1.952502850889391009e-07
2.121414276184122727e+01 1.105174216601637451e-03 9.978487827948417932e-01 1.037532771386265058e-03 7.647466368614702842e-06 8.627507894303582992e-07
2.134756504336224125e+01 1.052635793048248454e-02 9.890081102789107792e-01 4.622046370132290257e-04 2.841518760825274469e-06 4.856348210267777354e-07
2.148098732488325524e+01 4.763797954052512509e-03 9.938530088267634177e-01 1.377754632427597836e-03 5.002593761788540129e-06 4.359929828773308321e-07
2.161440960640426923e+01 4.514395901697317547e-03 9.952489609100355628e-01 2.271608930692413755e-04 8.570106380228505104e-06 9.121888063238887504e-07
2.174783188792528321e+01 1.065953731634177760e-02 9.878638285329649493e-01 1.471369122082334842e-03 5.067342134881609167e-06 1.976864643834921054e-07
2.188125416944629720e+01 1.142107349180732133e-03 9.985643425502990222e-01 2.792638057297176183e-04 1.326773202307492330e-05 1.018562755554990358e-06
2.201467645096731118e+01 1.013126617256601691e-02 9.885933313129998679e-01 1.270382473699397004e-03 4.618197217223602786e-06 4.018435050691098013e-07
2.214809873248832517e+01 5.368830698974869954e-03 9.940287118884895134e-01 5.878882057531825646e-04 1.389211367013052373e-05 6.770930998290862269e-07
2.228152101400933915e+01 3.969655417301183077e-03 9.951657836788986300e-01 8.617698663192873256e-04 1.956745801108421763e-06 8.342916669743560248e-07
2.241494329553035314e+01 1.095725657587341348e-02 9.880272716890211582e-01 1.005571465671026721e-03 9.626938683613718494e-06 2.733307374800634400e-07
2.254836557705136713e+01 1.248052211315645900e-03 9.983134786205654088e-01 4.363918832003533502e-04 1.036033400974733691e-06 1.041251504411786906e-06
2.268178785857238111e+01 9.693271878787072457e-03 9.889577365834443246e-01 1.342716707840146831e-03 5.970335907005837069e-06 3.044940081830177498e-07
2.281521014009339510e+01 5.978389263028804218e-03 9.938166143946992603e-01 1.998864559594579920e-04 4.313193608243562792e-06 7.966926911576728437e-07
2.294863242161440908e+01 3.458504259362292759e-03 9.950919501212370788e-01 1.442735923419707347e-03 6.037069897047459829e-06 7.726260706170048866e-07
2.308205470313542307e+01 1.119431946678819435e-02 9.885355061558244172e-01 2.591423157538321723e-04 1.067020727122528169e-05 3.618543487332045543e-07
2.321547698465643705e+01 1.428206169603312954e-03 9.973151886917372977e-01 1.249333411004736362e-03 6.128491043375260662e-06 1.143236597612945654e-06
2.334889926617745104e+01 9.227903680943332076e-03 9.901815804322202652e-01 5.766787987153761293e-04 1.361973555835630424e-05 2.173525484181931915e-07
2.348232154769846503e+01 6.589333923157659860e-03 9.925542540440231987e-01 8.511833682661097038e-04 4.265426858139987101e-06 9.632376811940903406e-07
2.361574382921947901e+01 3.001439451740760527e-03 9.959837843757237685e-01 1.002856711526090754e-03 1.139336609154610837e-05 5.260949037835460998e-07
2.374916611074049300e+01 1.136071670105539243e-02 9.881941937931174591e-01 4.435300828929173876e-04 1.121060296164445011e-06 4.383626243122867062e-07
2.388258839226150698e+01 1.685826014634835522e-03 9.969624288281206947e-01 1.342351547945264340e-03 8.453315467207752951e-06 9.402938183057153042e-07
2.401601067378252097e+01 8.737163592881109705e-03 9.910385140389647018e-01 2.227275791681582943e-04 1.388405791557639966e-06 2.063831810630576563e-07
2.414943295530353495e+01 7.209127280731320205e-03 9.913396910065512824e-01 1.442841107791982633e-03 7.361011157441863251e-06 9.795937546800619063e-07
2.428285523682454894e+01 2.607759781796186675e-03 9.970928184750351697e-01 2.930263974492009339e-04 5.842191096847777109e-06 5.531546087036161210e-07
2.441627751834556292e+01 1.145930527719685177e-02 9.872641865677845852e-01 1.267519709996296502e-03 8.392442396669147085e-06 5.960026112262107746e-07
2.454969979986657691e+01 2.015615375218920719e-03 9.973538453954789995e-01 6.193021391066546493e-04 1.017986532366351842e-05 1.057224857499137328e-06
2.468312208138759090e+01 8.215277063176366912e-03 9.908745895517138136e-01 9.028551341983353205e-04 7.047125200834346702e-06 2.311256961062289002e-07
2.481654436290860488e+01 7.828555245559568401e-03 9.911135654047327215e-01 1.045373901284859944e-03 1.139475811671134149e-05 1.110690291534932486e-06
2.494996664442961887e+01 2.276952454770989152e-03 9.972017051221692130e-01 5.182605507046207823e-04 2.780834726150734692e-06 3.010376147955794294e-07
2.508338892595063285e+01 1.150305956744194710e-02 9.871051754937679723e-01 1.381702412022635688e-03 9.401790347478288328e-06 6.607364055293862827e-07
2.521681120747164684e+01 2.406680745562281634e-03 9.972917145542055106e-01 3.006601504161499246e-04 2.327539573071904450e-07 7.117958443177510362e-07
2.535023348899266082e+01 7.672421880814205876e-03 9.908248561924831721e-01 1.493426465239677467e-03 9.052627661906826503e-06 2.428337869901364973e-07
2.548365577051367481e+01 8.426654910995914557e-03 9.912083254622140460e-01 3.623121629257835380e-04 1.724387396259074319e-06 9.830764542366422520e-07
2.561707805203469235e+01 2.003807549572567386e-03 9.966462996840329547e-01 1.339161175614693097e-03 1.040775659522962883e-05 3.238341709432846837e-07
2.575050033355570633e+01 1.148636389044002323e-02 9.878299838355748541e-01 6.768126183483204068e-04 6.019507390172527531e-06 8.201482330167393210e-07
2.588392261507672032e+01 2.849615508016833249e-03 9.961529269534293851e-01 9.867442873416800830e-04 9.943223298276541395e-06 7.700279001558260302e-07
2.601734489659773431e+01 7.119856740036450450e-03 9.917708814018464381e-01 1.100498688517428068e-03 8.339388104321864245e-06 4.237814807179498069e-07
2.615076717811874829e+01 8.979800374415166861e-03 9.904121608879387084e-01 6.001499327249890580e-04 6.824429412614445120e-06 1.064375493423623268e-06
2.628418945963976228e+01 1.788305171272541088e-03 9.967591408236067263e-01 1.443775367881773445e-03 8.540343507173590672e-06 2.382937167006385009e-07
2.641761174116077626e+01 1.139135565493889710e-02 9.882396594235473009e-01 3.659529180370178878e-04 2.129118782774285336e-06 9.028846792236160379e-07
2.655103402268179025e+01 3.337282803374919983e-03 9.951001829040958535e-01 1.553338196959587773e-03 8.753084450637432337e-06 4.430111039692249924e-07
2.668445630420280423e+01 6.560271539281447954e-03 9.930369056493789648e-01 4.018841695025341092e-04 4.562473651058165931e-07 4.823944569034660257e-07
2.681787858572381822e+01 9.486122282220180862e-03 9.891166149072544433e-01 1.386329327671240348e-03 1.013410362774653907e-05 7.993792120168672869e-07
2.695130086724483220e+01 1.629303618035416595e-03 9.976683256871848871e-01 6.995530681350044765e-04 2.573703481613878922e-06 2.439231491353061194e-07
2.708472314876584619e+01 1.120555176268114503e-02 9.877577584930641308e-01 1.023341928952554731e-03 1.241523577692100806e-05 9.325795121581634779e-07
2.721814543028686018e+01 3.857049231645193893e-03 9.950197076976613486e-01 1.116965738576009524e-03 5.877699733640130169e-06 3.996323703535292714e-07
2.735156771180787416e+01 5.985923289417409941e-03 9.933803951057759152e-01 6.219480522356106824e-04 1.102528326534513023e-05 7.082692920360867283e-07
2.748498999332888815e+01 9.945887770917746784e-03 9.885945425360439520e-01 1.451397501012201448e-03 7.401149087318649599e-06 7.710429252844313049e-07
2.761841227484990213e+01 1.525219949793492520e-03 9.981057396949271077e-01 3.623767049709938817e-04 6.290291948535090783e-06 3.733583466027824587e-07
2.775183455637091612e+01 1.094455113198068361e-02 9.874963052706047240e-01 1.551429906288587582e-03 6.734560253734058650e-06 9.791308594851888360e-07
2.788525683789193010e+01 4.394409535717812287e-03 9.952292431832773234e-01 3.740617489943156475e-04 1.985460340235484908e-06 3.000716567209230141e-07
2.801867911941294409e+01 5.402440303023035156e-03 9.932153391828176803e-01 1.373258033857972012e-03 8.147127474994131043e-06 8.153528127436469529e-07
2.815210140093395808e+01 1.035361088157912141e-02 9.889893678355172746e-01 6.552086767248428353e-04 1.197374454014036439e-06 6.152317111590958660e-07
2.828552368245497206e+01 1.477494826834707025e-03 9.975224498760106862e-01 9.883520463710134332e-04 1.125408292161882676e-05 4.491678487517062383e-07
2.841894596397598605e+01 1.062633057510200749e-02 9.883008213300727984e-01 1.067764171410253088e-03 4.070564695049263416e-06 1.013358707035608350e-06
2.855236824549700003e+01 4.943255151692872371e-03 9.944769785016980279e-01 5.662157807363643516e-04 1.327923881692964242e-05 2.713270431084511360e-07
2.868579052701801402e+01 4.830561147504568165e-03 9.937533683054563527e-01 1.409142015236547864e-03 5.879406710187644029e-06 1.049125080054989768e-06
2.881921280853902800e+01 1.069405888211800125e-02 9.889932199035196270e-01 3.010634154059999771e-04 1.114289824870902171e-05 5.149006951199619062e-07
2.895263509006004199e+01 1.494811682971706936e-03 9.969911953069530153e-01 1.507584147280595886e-03 5.743416763692155373e-06 6.654460187009026918e-07
2.908605737158105597e+01 1.026110817859694768e-02 9.894177557539557410e-01 3.152918397726699011e-04 4.884409791659535246e-06 9.598178707263056893e-07
2.921947965310206996e+01 5.512252576647105537e-03 9.931682198317238752e-01 1.313416818483823228e-03 5.791956948458274349e-06 3.188161845827117301e-07
2.935290193462308395e+01 4.294523436178476761e-03 9.951002288920256511e-01 6.030552420519354802e-04 1.057338333847312526e-06 1.135091397970941553e-06
2.948632421614409793e+01 1.097160406554877760e-02 9.880947288119054095e-01 9.240700858623754040e-04 9.117154469745213276e-06 4.798822019178942114e-07
2.961974649766511192e+01 1.586550311431581201e-03 9.973861085294781770e-01 1.024818400838109706e-03 1.689577799909535008e-06 8.331804401656812408e-07
2.975316877918612590e+01 9.847022202492710513e-03 9.896174168708459229e-01 5.203774843950930828e-04 1.417653076517756122e-05 1.006911488736520988e-06
2.988659106070713989e+01 6.106860366997798883e-03 9.925183032197055777e-01 1.370392733591285599e-03 4.057055949900603397e-06 3.866237434073466965e-07
3.002001334222815387e+01 3.806217303713624323e-03 9.958964159883686440e-01 2.820190895120564022e-04 1.407232768033829264e-05 1.275290713545445568e-06
3.015343562374916786e+01 1.120098225468789920e-02 9.873184117024133011e-01 1.475696119105738158e-03 4.581961352457042795e-06 3.279624282304435186e-07
3.028685790527018185e+01 1.756859409294119802e-03 9.979154990294651917e-01 3.177271636538255332e-04 8.968317448626489226e-06 9.460801252947693074e-07
3.042028018679119583e+01 9.398030221278321980e-03 9.892938921967675547e-01 1.303131576240023704e-03 4.201256821584494957e-06 7.447488804435101657e-07
3.055370246831220982e+01 6.719402439301008952e-03 9.926634969808187936e-01 6.134257068773561446e-04 3.257769139883791988e-06 4.171038507619012515e-07
3.068712474983322380e+01 3.371207997730268826e-03 9.956763076579087102e-01 9.439041501263255090e-04 7.421699914629764686e-06 1.158494308123838443e-06
3.082054703135423779e+01 1.139264367688148233e-02 9.875704055524326952e-01 1.035434076522110704e-03 1.183404646091213048e-06 3.332895051155062232e-07
3.095396931287525177e+01 2.005942667728529295e-03 9.974099521092884002e-01 5.704689105524696604e-04 1.255920230557889637e-05 1.077110112317389887e-06
3.108739159439626576e+01 8.931464165739821243e-03 9.896694885187992119e-01 1.395796779689457891e-03 2.481521846817402598e-06 7.690139122499078910e-07
3.122081387591727974e+01 7.331179125351624214e-03 9.922950375904721065e-01 3.575981895377078898e-04 1.558595671376351331e-05 5.991379127898136479e-07
3.135423615743829373e+01 2.994696033329066320e-03 9.954662213931572134e-01 1.535109331816273889e-03 2.809269450116951399e-06 1.163972235411705837e-06
3.148765843895930772e+01 1.152965963698713257e-02 9.880544489401869024e-01 4.025679295476675135e-04 1.304125855660047943e-05 2.822347099944409154e-07
3.162108072048032170e+01 2.329869739682617277e-03 9.962712168454813666e-01 1.395247081275494865e-03 2.628303630837289245e-06 1.038029917639740111e-06
3.175450300200133569e+01 8.457351338708774674e-03 9.908437802340206435e-01 6.913147082280761760e-04 7.097580415437923897e-06 4.561386156107932468e-07
3.188792528352234967e+01 7.932365510290750876e-03 9.910066271797665083e-01 1.056202287376240435e-03 4.239411068814657163e-06 5.656114863304228785e-07
3.202134756504336366e+01 2.680664684302596062e-03 9.962047161752966007e-01 1.109945888766946092e-03 3.808579335380667139e-06 8.646722869704783713e-07
3.215476984656437764e+01 1.159199508723065056e-02 9.877058499030980654e-01 6.927159052068222571e-04 9.148070173959773705e-06 2.910342783361903281e-07
3.228819212808539163e+01 2.718443115325197383e-03 9.957970167568291897e-01 1.480368411307209997e-03 3.161686256587633615e-06 1.010030269530032000e-06
3.242161440960640562e+01 7.960969536738539062e-03 9.915486124174996974e-01 4.760751618204444257e-04 1.387152832623112875e-05 4.713556032659315969e-07
3.255503669112741960e+01 8.515905536453175981e-03 9.898449950611041270e-01 1.635210159555114569e-03 3.131500593675694206e-06 7.577422822314623677e-07
3.268845897264843359e+01 2.423369248713753022e-03 9.970586247768168375e-01 5.032405685385781544e-04 1.392076433247747288e-05 8.446415862298075635e-07
3.282188125416944757e+01 1.157198670720918990e-02 9.869156071077422876e-01 1.509942298850588602e-03 2.048136360173025643e-06 4.157498254166190324e-07
3.295530353569046156e+01 3.151193573583336693e-03 9.960679126440853404e-01 7.689934286766505339e-04 1.090164760691974315e-05 9.987060351890525037e-07
3.308872581721147554e+01 7.430983946422064362e-03 9.913948348806302935e-01 1.172171684462615122e-03 1.663088453649818423e-06 3.464000183370041720e-07
3.322214809873248953e+01 9.069159129122164598e-03 9.897577585139378797e-01 1.165368306245337859e-03 6.902986463576530794e-06 8.110642180819294331e-07
3.335557038025350352e+01 2.211614168712899321e-03 9.970016823111548243e-01 7.815754055455229011e-04 4.529553651941520651e-06 5.985609213145758474e-07
3.348899266177451750e+01 1.147814680030598972e-02 9.869927080826885746e-01 1.523743749025072147e-03 4.914349812824802107e-06 4.870181542182156487e-07
3.362241494329553149e+01 3.610001573665027642e-03 9.958583568506824690e-01 5.215070746921093153e-04 9.224292724830615123e-06 9.102082221388688859e-07
3.375583722481654547e+01 6.869252415666807568e-03 9.914440089231952857e-01 1.681687680848936760e-03 4.711412322800851784e-06 3.395679528075850859e-07
3.388925950633755946e+01 9.565834463438194560e-03 9.899078069693072468e-01 5.119371683495424919e-04 1.342890909512543789e-05 9.924897954965461318e-07
3.402268178785857344e+01 2.039841868905992433e-03 9.964068971418068577e-01 1.549220822410723748e-03 3.534832966705833787e-06 5.053338951406959645e-07
3.415610406937958743e+01 1.130990639838321161e-02 9.879223143560775799e-01 7.540399011279358020e-04 1.298012787629812885e-05 7.592165205466678320e-07
3.428952635090060141e+01 4.087838179281126291e-03 9.947352280975376715e-01 1.174208753297595895e-03 1.881840287947902981e-06 8.431295814254022556e-07
3.442294863242161540e+01 6.295298738359531021e-03 9.925552726705356710e-01 1.139934448470502487e-03 9.043892610145534672e-06 4.502500096412787228e-07
3.455637091394262939e+01 9.995067329799108002e-03 9.892638953147639969e-01 7.384768860226745626e-04 1.524888267100330952e-06 1.035581132300141721e-06
3.468979319546364337e+01 1.913600989931600127e-03 9.965900818798997252e-01 1.489732528463061411e-03 6.160217316541622128e-06 4.243843743583078841e-07
3.482321547698465736e+01 1.106200406764416486e-02 9.884823278018368686e-01 4.493420410138892606e-04 5.459773132117991860e-06 8.663163586331487784e-07
3.495663775850567134e+01 4.590102374669361059e-03 9.937812499646470066e-01 1.622595004325876359e-03 5.278490236859405659e-06 7.741661060469959416e-07
3.509006004002668533e+01 5.721688749590679406e-03 9.938354169474525879e-01 4.312262964705704726e-04 1.116803858188520336e-05 4.999678896095460466e-07
3.522348232154769931e+01 1.036557992809171609e-02 9.881670114156935192e-01 1.460635341869785143e-03 5.626959736328598098e-06 1.146354593790748961e-06
3.535690460306871330e+01 1.843696209566662771e-03 9.974630463379294820e-01 6.792445671343877011e-04 1.365688480300844290e-05 3.560005513975365422e-07
