0.000000000000000000e+00 0.000000000000000000e+00 1.000000000000000000e+00 0.000000000000000000e+00 0.000000000000000000e+00 0.000000000000000000e+00
1.334222815210140134e-01 1.022560523395324439e-02 9.884463600018781326e-01 1.317448161654565745e-03 9.884292783774586364e-06 7.023097308937972858e-07
2.668445630420280268e-01 4.213251624382193840e-03 9.956204019497060242e-01 1.638441135246947568e-04 2.179154868424525295e-06 3.231575192185872710e-07
4.002668445630420679e-01 3.573559658036034540e-03 9.953814962183404891e-01 1.032840538093291642e-03 1.175003283042508775e-05 3.535527002839377125e-07
5.336891260840560536e-01 1.061543555792254269e-02 9.888068462938911507e-01 5.699998833463022080e-04 6.800316321860503468e-06 9.179485183341555118e-07
6.671114076050700392e-01 7.286784614383997704e-05 9.993327402816083449e-01 5.835099950922423978e-04 1.083102707089110691e-05 5.085008482287139434e-08
8.005336891260841359e-01 9.793329013719462989e-03 9.891706448097041804e-01 1.026294244802523166e-03 8.633368520568893956e-06 1.098563253134479139e-06
9.339559706470981215e-01 4.884585907521374337e-03 9.949317907609691591e-01 1.766523554943555125e-04 6.824991569565371726e-06 1.459844459599605892e-07
1.067378252168112107e+00 2.988847159057368610e-03 9.956755709540637822e-01 1.326892279591898333e-03 8.027194579702623905e-06 6.624127079239820123e-07
1.200800533689126093e+00 1.093107409935295538e-02 9.890586486085393148e-01 7.920480751803907926e-06 1.798946106837281065e-06 5.578652499796316434e-07
1.334222815210140078e+00 2.241496036565631973e-04 9.984330949980446679e-01 1.333956611276804639e-03 8.684325885673413849e-06 1.144611369947525406e-07
1.467645096731154064e+00 9.319301938028675888e-03 9.905190390464592154e-01 1.602160466164825642e-04 5.982552009760554047e-07 8.447136951294269071e-07
1.601067378252168272e+00 5.563996551012364948e-03 9.933798766433323824e-01 1.044977110087199007e-03 1.107990732654914088e-05 6.978824286637331044e-08
1.734489659773182257e+00 2.451366073632563983e-03 9.969769338424651073e-01 5.677227757252237446e-04 3.292436104839800254e-06 6.848720731996748023e-07
1.867911941294196243e+00 1.116027254363304022e-02 9.882289644819017838e-01 5.964019484256931087e-04 1.380078993345070102e-05 5.602361067800145908e-07
2.001334222815210229e+00 4.520415216290350280e-04 9.985038182700066711e-01 1.037920388856686769e-03 5.972836167035963562e-06 2.469833418676569835e-07
2.134756504336224214e+00 8.793696009023304824e-03 9.910026172258418198e-01 1.911092964289656186e-04 1.155933621705908732e-05 1.018132489988659875e-06
2.268178785857238200e+00 6.248854699569021502e-03 9.924012031391712396e-01 1.343259363831396510e-03 6.664006549820107460e-06 1.879087919472347826e-08
2.401601067378252186e+00 1.968001593278109838e-03 9.980095283804861772e-01 1.611024823574027894e-05 5.425497013029270118e-06 9.342809876337896028e-07
2.535023348899266171e+00 1.131401428904853061e-02 9.873321067706369858e-01 1.347356895894243848e-03 6.246978634249290128e-06 2.750657857377960286e-07
2.668445630420280157e+00 7.502156947032603438e-04 9.990837786092359174e-01 1.643550403871739461e-04 1.232086851260774633e-06 4.185688222068331475e-07
2.801867911941294143e+00 8.218837319971803931e-03 9.907124047036393044e-01 1.058723543627352031e-03 9.281250332157392496e-06 7.531824289139826877e-07
2.935290193462308128e+00 6.927541907247885059e-03 9.925002299916771964e-01 5.709059868790718672e-04 1.284949470319863422e-06 3.716472438291434664e-08
3.068712474983322114e+00 1.536196850728429198e-03 9.978418491238720822e-01 6.074900507768054214e-04 1.353994271168998476e-05 9.240319096961565662e-07
3.202134756504336544e+00 1.140018439642114662e-02 9.875554933499806065e-01 1.039848582589826542e-03 4.300742279327991398e-06 1.729287277760676156e-07
3.335557038025350529e+00 1.112311492497677131e-03 9.986745504734059198e-01 1.982086276616628348e-04 1.433916348999975964e-05 5.902429432751060360e-07
3.468979319546364515e+00 7.612764787982981979e-03 9.910298356413381748e-01 1.351291337296449359e-03 5.484272334386662880e-06 6.239610462948737875e-07
3.602401601067378500e+00 7.576679684210339653e-03 9.923885933323677300e-01 2.399475865946432596e-05 1.060693368683415513e-05 1.252910742049558580e-07
3.735823882588392486e+00 1.161625298344186709e-03 9.974719593759424630e-01 1.360074795834633182e-03 5.477409737314184342e-06 8.631201401828203560e-07
3.869246164109406472e+00 1.141406777216141290e-02 9.884137011201760137e-01 1.681672288017736880e-04 3.989966034289765894e-06 7.391282501377649654e-08
4.002668445630420457e+00 1.537516456009769715e-03 9.973915105515374080e-01 1.063210308015133127e-03 7.128592547297462715e-06 6.340918890182723061e-07
4.136090727151434443e+00 6.994853200465124196e-03 9.924359619518113851e-01 5.678901649678244883e-04 7.680721596289139346e-07 5.266105945853509717e-07
4.269513008672448429e+00 8.189281102174112564e-03 9.911917366835120147e-01 6.073904372633866016e-04 1.138738561406964827e-05 2.043914348632136651e-07
4.402935290193462414e+00 8.534001850642353474e-04 9.981048487960025861e-01 1.039062636012254683e-03 1.702066427253507911e-06 9.863164921702670562e-07
4.536357571714476400e+00 1.133809218161987466e-02 9.884404601610387031e-01 2.054566628813935946e-04 1.594201731163795029e-05 4.897714662411414740e-08
4.669779853235490386e+00 2.023827392452260971e-03 9.966196237834338278e-01 1.352148553154552827e-03 3.472460939795601608e-06 9.278100176995299449e-07
4.803202134756504371e+00 6.367112343968080873e-03 9.935836478576544062e-01 3.445156612479114924e-05 1.446046023466711069e-05 3.277720152700605005e-07
4.936624416277518357e+00 8.768865988311108986e-03 9.898691002321541310e-01 1.357631092968006326e-03 3.993137980555821391e-06 4.095485828681755803e-07
5.070046697798532342e+00 6.191456020971944580e-04 9.991980409817965425e-01 1.736361843808768748e-04 8.453624541647104186e-06 7.236071798800582753e-07
5.203468979319546328e+00 1.117768761200980086e-02 9.877519288030306432e-01 1.065886279883317090e-03 4.462819615289846596e-06 3.448545683529260130e-08
5.336891260840560314e+00 2.561956996009695509e-03 9.968697278562962394e-01 5.645076947984721278e-04 3.003482421765056456e-06 8.039704696552505789e-07
5.470313542361574299e+00 5.727909966863314883e-03 9.936438667106259892e-01 6.192442311571387005e-04 8.713704114911286744e-06 2.653872341841321459e-07
5.603735823882588285e+00 9.317866778790434221e-03 9.896562286263639319e-01 1.024465764934139045e-03 9.541757785764155780e-07 4.846541288280850661e-07
5.737158105403602271e+00 4.584434006069907242e-04 9.993068419159852889e-01 2.198285889034120211e-04 1.401659989839639790e-05 8.694946022919695077e-07
5.870580386924616256e+00 1.094930835298343202e-02 9.877088812353690406e-01 1.339768288470040035e-03 1.927533164458852774e-06 1.145900092921874052e-07
6.004002668445630242e+00 3.137597797832160362e-03 9.967967777734195733e-01 4.808895688032816527e-05 1.636150700784746035e-05 1.173964856701231152e-06
6.137424949966644228e+00 5.087434080187849469e-03 9.935449874434746365e-01 1.365481125103143976e-03 2.000382505908085286e-06 9.696872527989589112e-08
6.270847231487658213e+00 9.817251948694956723e-03 9.899893153232628418e-01 1.792312722694512530e-04 1.336654884620692358e-05 8.349069230066176153e-07
6.404269513008673087e+00 3.716962451839003908e-04 9.985384475637318902e-01 1.087352713471257748e-03 2.054665627939182860e-06 4.488119804918880096e-07
6.537691794529687073e+00 1.066697685985043380e-02 9.887720383123894674e-01 5.538977284854784558e-04 6.850443582942211076e-06 2.366556871670865144e-07
6.671114076050701058e+00 3.745074586516765856e-03 9.956100419825464343e-01 6.395796405213569112e-04 4.517856307192205733e-06 7.859341040981199875e-07
6.804536357571715044e+00 4.465894277084196499e-03 9.945211181011801571e-01 1.009708891656013784e-03 3.225953144069173344e-06 5.277693157304002795e-08
6.937958639092729030e+00 1.025020926108953338e-02 9.895012565436379637e-01 2.373341114887684005e-04 1.046048017915721550e-05 7.396036012907146430e-07
7.071380920613743015e+00 3.608963841058069840e-04 9.982984850652509845e-01 1.337554138062711133e-03 2.596899020795442194e-06 4.675135568003529259e-07
7.204803202134757001e+00 1.032011731842402517e-02 9.896032373229629586e-01 6.026403388904565399e-05 1.602008699153184275e-05 3.612377297986557637e-07
7.338225483655770987e+00 4.382787681491921022e-03 9.942378012744162996e-01 1.375975849277239448e-03 2.451549207686542691e-06 9.836456043635853309e-07
7.471647765176784972e+00 3.875292608134125322e-03 9.959265168044930672e-01 1.826949304375269205e-04 1.541993213524093148e-05 7.572479761314098805e-08
7.605070046697798958e+00 1.061459701911865970e-02 9.882751256461185241e-01 1.107995452448638524e-03 1.273615687497895512e-06 1.008266623887789943e-06
7.738492328218812943e+00 4.265591516723479869e-04 9.990095977355382129e-01 5.526956353692904578e-04 1.093833290042044034e-05 2.091445171375716032e-07
7.871914609739826929e+00 9.904798619327975437e-03 9.894277837467495562e-01 6.656641200668804307e-04 1.229881739872412391e-06 5.236321132872953376e-07
8.005336891260840915e+00 5.044080477185857066e-03 9.939446811530970871e-01 1.004306990126327013e-03 6.310693268717055028e-06 6.206863199314157153e-07
8.138759172781854900e+00 3.315449578196612377e-03 9.964237763533256853e-01 2.550450940290363696e-04 5.641558883153016865e-06 8.741556353503291034e-08
8.272181454302868886e+00 1.092151014675265402e-02 9.877420733769443073e-01 1.330942121707812120e-03 4.624423029953301419e-06 8.499315640508681900e-07
8.405603735823882872e+00 5.656310149024364143e-04 9.993560744997024292e-01 6.648638859667977763e-05 1.163159033599464277e-05 1.765064607050763995e-07
8.539026017344896857e+00 9.430500554996409587e-03 9.891812184143862208e-01 1.382809816110786624e-03 4.842205718584947167e-06 6.290087864131618490e-07
8.672448298865910843e+00 5.708692927688325917e-03 9.940898339837771491e-01 1.854720791635692840e-04 1.533623969681147854e-05 6.647696722599537408e-07
8.805870580386924829e+00 2.788494569701530177e-03 9.960794757229620711e-01 1.128818329237722337e-03 3.004791291540630081e-06 2.065868057583426449e-07
8.939292861907938814e+00 1.116641598617749975e-02 9.882674036622726144e-01 5.520190983157493691e-04 1.316598576122846696e-05 9.952674714704351925e-07
9.072715143428952800e+00 7.759573554166424849e-04 9.985405161270681784e-01 6.824896924014813016e-04 9.537471295975182584e-07 8.307798309061059752e-08
9.206137424949966785e+00 8.921231605635081968e-03 9.900684923290472561e-01 1.001517017835027454e-03 7.950758817941568782e-06 8.082886639872828769e-07
9.339559706470980771e+00 6.363586895429548286e-03 9.933721259816283844e-01 2.620280275169808602e-04 1.816418328449651760e-06 4.426770954460879838e-07
9.472981987991994757e+00 2.306212801446304479e-03 9.963543036093854832e-01 1.333399697575081335e-03 5.759321391973431705e-06 3.245701996388907813e-07
9.606404269513008742e+00 1.133283267877793245e-02 9.885892234970883319e-01 6.968637301559865748e-05 7.337768579823913945e-06 9.196825367143604048e-07
9.739826551034022728e+00 1.058449474762842473e-03 9.975485810554076682e-01 1.387289897276457011e-03 5.609888837208297597e-06 6.968371361592413191e-08
9.873248832555036714e+00 8.381411054151452489e-03 9.914159818648918820e-01 1.886209401431344511e-04 1.300274579277943477e-05 9.833950179503055412e-07
1.000667111407605070e+01 7.006683586556687431e-03 9.918562637609681376e-01 1.131514458602889519e-03 5.240652979158691907e-06 2.975408900537824648e-07
1.014009339559706468e+01 1.882713307971254886e-03 9.975436209066592674e-01 5.595828543313051190e-04 1.353002590563315067e-05 5.529051293679156476e-07
1.027351567711807867e+01 1.141131669516609257e-02 9.878947359961136598e-01 6.905099037765462895e-04 2.698206663613495360e-06 7.391982765764034272e-07
1.040693795863909266e+01 1.409895719341734818e-03 9.975697698390457724e-01 1.009581442663697861e-03 1.063726091696459507e-05 1.157380282936251982e-07
1.054036024016010664e+01 7.808979009612681058e-03 9.919140622211797265e-01 2.753806912018437361e-04 6.678538649698087076e-07 9.102241373156650182e-07
1.067378252168112063e+01 7.642907931915606315e-03 9.910195174890523706e-01 1.330216775725838983e-03 7.172226547304920396e-06 1.855767552735260558e-07
1.080720480320213461e+01 1.522632109632203598e-03 9.983903509844366253e-01 8.317400778409715179e-05 3.207262374189492146e-06 6.356357692437632153e-07
1.094062708472314860e+01 1.141498542779164488e-02 9.871976133835053124e-01 1.379921618735219842e-03 6.775560696505687690e-06 7.040092679364771948e-07
1.107404936624416258e+01 1.822487035744607166e-03 9.979641478402025978e-01 2.046095653161964076e-04 8.537149192412443746e-06 2.184095406815836235e-07
1.120747164776517657e+01 7.204505850837448176e-03 9.916483049479071221e-01 1.138734641164925159e-03 7.373103563986630840e-06 1.081456522846849969e-06
1.134089392928619056e+01 8.258434303141463581e-03 9.911545873433900145e-01 5.740857437480876430e-04 1.279258287870175501e-05 1.000268370352904670e-07
1.147431621080720454e+01 1.225921990302175808e-03 9.980558587186482145e-01 7.124892599743563480e-04 4.851771706268626688e-06 8.782593644749375145e-07
1.160773849232821853e+01 1.135689844208374183e-02 9.876162553455813953e-01 1.014437739864654979e-03 1.201985945793409152e-05 3.886130080848854495e-07
1.174116077384923251e+01 2.288018591972059649e-03 9.974080658931039345e-01 3.021968556876725924e-04 1.390434510888999293e-06 3.282247206263959318e-07
1.187458305537024650e+01 6.589277240634123026e-03 9.920688298214761502e-01 1.331741048037324987e-03 9.403722664671664420e-06 7.481671828050622036e-07
1.200800533689126048e+01 8.834784247096254955e-03 9.910555099073792285e-01 1.092658927700336188e-04 3.673614230486009529e-07 7.259132674343074209e-08
1.214142761841227447e+01 9.949559418617542287e-04 9.976080761246395312e-01 1.387096767818499958e-03 9.097213012799786394e-06 7.739526618880416600e-07
1.227484989993328846e+01 1.123260708447606365e-02 9.885395246163622973e-01 2.234864085175386798e-04 3.965950454184313383e-06 4.159401846192624889e-07
1.240827218145430244e+01 2.805026813604069493e-03 9.960320473392424434e-01 1.152935115000575800e-03 9.551630419340408643e-06 4.391017281202558378e-07
1.254169446297531643e+01 5.977848938334112683e-03 9.934259251066923646e-01 5.868413658921829267e-04 8.420075911989248547e-06 9.645131644083172499e-07
1.267511674449633041e+01 9.359689480468422890e-03 9.898932773300204158e-01 7.381358779180288623e-04 8.776391068770992838e-06 1.209205198624379654e-07
1.280853902601734617e+01 8.351739123265702284e-04 9.981249450463379747e-01 1.028787605033995751e-03 1.000555093341961098e-05 1.087885363111216005e-06
1.294196130753836016e+01 1.102811864299166680e-02 9.886305760323579328e-01 3.364883876777300547e-04 4.632533294140636244e-06 1.844036737382796539e-07
1.307538358905937415e+01 3.368444927835872321e-03 9.952776417673238063e-01 1.343810141373643014e-03 9.449821756751758967e-06 6.533417057928373871e-07
1.320880587058038813e+01 5.374383994472834748e-03 9.944890746409534854e-01 1.353639499253495601e-04 6.052609812152329444e-07 5.721536628126067166e-07
1.334222815210140212e+01 9.840756943147812436e-03 9.887560578594380978e-01 1.394180096032699876e-03 8.844006790035649720e-06 1.610945867789295474e-07
1.347565043362241610e+01 7.477044984159188570e-04 9.990156265221982190e-01 2.349918656295023095e-04 8.148491185270636020e-07 8.622646329856726670e-07
1.360907271514343009e+01 1.074529571543388420e-02 9.880762748683661334e-01 1.167266317431946534e-03 1.099750910380125742e-05 1.655896596195679631e-07
1.374249499666444407e+01 3.964920622564956434e-03 9.954396195013328619e-01 5.904310089338364034e-04 4.290143847701676309e-06 7.387233160385788550e-07
1.387591727818545806e+01 4.774073511971075115e-03 9.944509205936413743e-01 7.622749074000050289e-04 1.208280514933011722e-05 6.481818333482215477e-07
1.400933955970647204e+01 1.027522058029865099e-02 9.886882812488002603e-01 1.028632260404684822e-03 7.526444222880737405e-06 3.394662684471447984e-07
1.414276184122748603e+01 7.303850472447028950e-04 9.989034818001324423e-01 3.561352995649300361e-04 8.936672136156790944e-06 1.061180916511115051e-06
1.427618412274850002e+01 1.040293982056934505e-02 9.882420884693395857e-01 1.347517154768708599e-03 7.340248512663552319e-06 1.143068044261650757e-07
1.440960640426951400e+01 4.577027522992639652e-03 9.952766405412813988e-01 1.414488427825459182e-04 3.923151070742224205e-06 9.599418674531940212e-07
1.454302868579052799e+01 4.187714898994816456e-03 9.943980955893050311e-01 1.406547676977420698e-03 7.312190433213176569e-06 3.296442844402547527e-07
1.467645096731154197e+01 1.064958668076123466e-02 9.891232438911310432e-01 2.260806484090050405e-04 6.175762766152590499e-07 4.712034171599962037e-07
1.480987324883255596e+01 7.830386881253497853e-04 9.980298822864615005e-01 1.176631800059855419e-03 9.686006053755595667e-06 7.612192946781960036e-07
1.494329553035356994e+01 1.001281845834520873e-02 9.894120946104227876e-01 5.728509004512621298e-04 2.106098268331786309e-06 1.299325073210880760e-07
1.507671781187458393e+01 5.199583730977076421e-03 9.940260402186731348e-01 7.606597612462563619e-04 1.278013337709976787e-05 9.361557221282270563e-07
1.521014009339559792e+01 3.631945807856475431e-03 9.953432885347607284e-01 1.019434284306234206e-03 5.050233075954840088e-06 2.811399960950337882e-07
1.534356237491661190e+01 1.094459327725389765e-02 9.886912265476505146e-01 3.500721238248679398e-04 1.345513906072647979e-05 6.529122059743254219e-07
1.547698465643762589e+01 9.077995737217984086e-04 9.977350470097883228e-01 1.350146084773339592e-03 6.282509386861926694e-06 7.248223254191062027e-07
1.561040693795863987e+01 9.571805817133162420e-03 9.902869812669695682e-01 1.325233643043095702e-04 8.456554981261691378e-06 2.329966069150411749e-07
1.574382921947965386e+01 5.835004625404014572e-03 9.927523590267042231e-01 1.405659535430504046e-03 6.010964142050096358e-06 9.658483144542199968e-07
1.587725150100066784e+01 3.120960192962530817e-03 9.966628131887643738e-01 2.133794861581224172e-04 2.668930498716823936e-06 1.782016119336718594e-07
1.601067378252168183e+01 1.116719337235650734e-02 9.876563471628971858e-01 1.168610519376939941e-03 7.102328503017831222e-06 7.466168624434965484e-07
1.614409606404269582e+01 1.104833279570324300e-03 9.983310070010834592e-01 5.626765016446196336e-04 8.967376499060710542e-07 5.864800478036032980e-07
1.627751834556370980e+01 9.076589690093273682e-03 9.901566092201354863e-01 7.546286562409269686e-04 1.185686884529443150e-05 3.155646811364184559e-07
1.641094062708472379e+01 6.479665938606533546e-03 9.925037692444608206e-01 1.012705478738325053e-03 2.847886038272540733e-06 1.011452152529296111e-06
1.654436290860573777e+01 2.656456263043612681e-03 9.969796017209021644e-01 3.490893306845526756e-04 1.470942036644519259e-05 1.432649993555973244e-07
1.667778519012675176e+01 1.132886982553967491e-02 9.873191193875406890e-01 1.346004050727963751e-03 5.051475033033826475e-06 9.552611545579265165e-07
1.681120747164776574e+01 1.371010755260547659e-03 9.984785188207532247e-01 1.376380899054391717e-04 1.241944204952917919e-05 4.128920276287762548e-07
1.694462975316877973e+01 8.543325395321283572e-03 9.900410270932112899e-01 1.410469995776271468e-03 4.705604345292061495e-06 4.719113413389853276e-07
1.707805203468979371e+01 7.116513979600098613e-03 9.926528453532621477e-01 2.231934984010463478e-04 6.618534270274333899e-06 8.286344625246186062e-07
1.721147431621080770e+01 2.243277553585735096e-03 9.965696343043670691e-01 1.181428685016098525e-03 5.523338870304399807e-06 1.361181567812629946e-07
1.734489659773182169e+01 1.143408314226759294e-02 9.879938436603090679e-01 5.696352467743842152e-04 1.505104116155528060e-06 9.328465282538663592e-07
1.747831887925283567e+01 1.705941919426472555e-03 9.975142179725490221e-01 7.702597762569176037e-04 9.209715925509020379e-06 3.706158377449634712e-07
1.761174116077384966e+01 7.992508833037073948e-03 9.909854610370949501e-01 1.020275581872683674e-03 1.145632995142378437e-06 6.089149950214151950e-07
1.774516344229486364e+01 7.731894920520549983e-03 9.918791768479900961e-01 3.739123417062334659e-04 1.408747207270100757e-05 9.284177053797893880e-07
1.787858572381587763e+01 1.889783898221444620e-03 9.967412858079489624e-01 1.366155536618094551e-03 2.563667197895208823e-06 2.110900080440056335e-07
1.801200800533689161e+01 1.146422862289107544e-02 9.883446119423947573e-01 1.743983150698425366e-04 1.559337692327522292e-05 1.167742715303657819e-06
1.814543028685790560e+01 2.107905513777844683e-03 9.964474719028013627e-01 1.441251077639749394e-03 3.195993896375181244e-06 1.755118783152340823e-07
1.827885256837891959e+01 7.432188025002917434e-03 9.922958076595962407e-01 2.604725887750055117e-04 1.072193515894899078e-05 8.097914605436633353e-07
1.841227484989993357e+01 8.324619456545992099e-03 9.904541510269405657e-01 1.217240857963856719e-03 3.454750926710485743e-06 5.339076168504851116e-07
1.854569713142094756e+01 1.604401101322407153e-03 9.977903072535546647e-01 6.000935259095017136e-04 4.927447199127553254e-06 2.706720088322102471e-07
1.867911941294196154e+01 1.141326812073079934e-02 9.877641050844192527e-01 8.155271909974710128e-04 6.219086480649143572e-06 8.805173665555451667e-07
1.881254169446297553e+01 2.569456084575716132e-03 9.963838769910007276e-01 1.044496047009493746e-03 2.009200333092294413e-06 1.616770749682140099e-07
1.894596397598398951e+01 6.854448504600944327e-03 9.927054661746756992e-01 4.272492675563940205e-04 1.200638611926178579e-05 8.296670414889796832e-07
1.907938625750500350e+01 8.895316094861216438e-03 9.897141200932475513e-01 1.387958570491349373e-03 2.028359828159145947e-06 5.768815653308375967e-07
1.921280853902601748e+01 1.385392175073487655e-03 9.983731403473413701e-01 2.255895189468969542e-04 1.543120356774421975e-05 4.467550640520895614e-07
1.934623082054703147e+01 1.128770975575830657e-02 9.872344294461160574e-01 1.474447713262902774e-03 2.397384233235016485e-06 1.015700622955994421e-06
1.947965310206804546e+01 3.073523595428532748e-03 9.966109628753649918e-01 3.009011397774219616e-04 1.444895385460956531e-05 1.634355675942719096e-07
1.961307538358905944e+01 6.260211891213484856e-03 9.924680901707464420e-01 1.269153767820081248e-03 1.567419471187110454e-06 9.767507411450597351e-07
1.974649766511007343e+01 9.429229278829420399e-03 9.899398147161996286e-01 6.210282739319041012e-04 9.644150648034936342e-06 2.835803837345458752e-07
1.987991994663108741e+01 1.228565259273422215e-03 9.978994000297805034e-01 8.688079561818941657e-04 2.703149662177819691e-06 5.236050946723986882e-07
2.001334222815210140e+01 1.110219258896283888e-02 9.878443290249441233e-01 1.047774714081580990e-03 5.041267584750772372e-06 6.624044195673525592e-07
2.014676450967311538e+01 3.608833596355843706e-03 9.959202515228061658e-01 4.638684855717165544e-04 6.876688356026163428e-06 1.697069027055812648e-07
2.028018679119412937e+01 5.662412242671522114e-03 9.929386060913627521e-01 1.394155717534902809e-03 3.949306845509828901e-06 8.766415769488424360e-07
2.041360907271514336e+01 9.903009288853873923e-03 9.898403005455397308e-01 2.435568375099780056e-04 1.284332811340974217e-05 2.899999741776789128e-07
2.054703135423615734e+01 1.133010811306623712e-03 9.973692829812093041e-01 1.493453448810496418e-03 3.555966990581621769e-06 6.967916742264379716e-07
2.068045363575717133e+01 1.084973717548165691e-02 9.888324116466946645e-01 3.017870502881021084e-04 1.532532403179824986e-05 7.388034945208899984e-07
2.081387591727818531e+01 4.171243774550343827e-03 9.945386261707891418e-01 1.287443046548121571e-03 2.356540278098489186e-06 3.304678251142124059e-07
2.094729819879919930e+01 5.077924941806786358e-03 9.942987769569207046e-01 6.102506857919013554e-04 1.201731056981264831e-05 1.030104901694698078e-06
2.108072048032021328e+01 1.030895073258527792e-02 9.888142891189323214e-01 8.756504294326773047e-04 9.122298732986260970e-07 1.974891677553515298e-07
2.121414276184122727e+01 1.102220664893560241e-03 9.978564329034838032e-01 1.032846078901108761e-03 7.629057745493852259e-06 8.712949673038424513e-07
2.134756504336224125e+01 1.052335218939253088e-02 9.890168959329581622e-01 4.564364545028853112e-04 2.828954514036968647e-06 4.864686237551573173e-07
2.148098732488325524e+01 4.760931200451439665e-03 9.938612650831637474e-01 1.372390121192986661e-03 4.970451262829099262e-06 4.431439200893759141e-07
2.161440960640426923e+01 4.510810657703759156e-03 9.952584243137857500e-01 2.212546246949626081e-04 8.592861085163481280e-06 9.175427215783379694e-07
2.174783188792528321e+01 1.065680419083218054e-02 9.878725312737082209e-01 1.465398154266820373e-03 5.065974868399335552e-06 2.004063154251326448e-07
2.188125416944629720e+01 1.138604621336028293e-03 9.985733297192869173e-01 2.737244612667442934e-04 1.331399078726451956e-05 1.027207314270558783e-06
2.201467645096731118e+01 1.012826622830133132e-02 9.886024450338269931e-01 1.264253343041448884e-03 4.631382099097217149e-06 4.040127224715111638e-07
2.214809873248832517e+01 5.366118513534954594e-03 9.940363073837998886e-01 5.829909422324617858e-04 1.390178220854971536e-05 6.813782159044047263e-07
2.228152101400933915e+01 3.966378131105960728e-03 9.951745296827401166e-01 8.563003048205906952e-04 1.951335437353610388e-06 8.405458877905648094e-07
2.241494329553035314e+01 1.095538785910584421e-02 9.880334232532714811e-01 1.001325509856138170e-03 9.591192370308984728e-06 2.721853887468365759e-07
2.254836557705136713e+01 1.245323629838905859e-03 9.983202173067921015e-01 4.323777891770103185e-04 1.032086079783369570e-06 1.049188104619699354e-06
2.268178785857238111e+01 9.691657925150962138e-03 9.889630060533841638e-01 1.339081511619973379e-03 5.949247828049069467e-06 3.052620092408280406e-07
2.281521014009339510e+01 5.977089354662121386e-03 9.938201093674259301e-01 1.976624758917359091e-04 4.338977159470364308e-06 7.998248536861754611e-07
2.294863242161440908e+01 3.456930164004609791e-03 9.950960933144795684e-01 1.440137521410735305e-03 6.059906084937561116e-06 7.790940124519045367e-07
2.308205470313542307e+01 1.119447524609451169e-02 9.885358166117296230e-01 2.586582237036304244e-04 1.069017482539140143e-05 3.597436394529761563e-07
2.321547698465643705e+01 1.427453610202035570e-03 9.973165602717074529e-01 1.248687679800338695e-03 6.150252383184712442e-06 1.148185899978578500e-06
2.334889926617745104e+01 9.228746521428641061e-03 9.901797585112558364e-01 5.776901894817473024e-04 1.358921128336012602e-05 2.155665430413951590e-07
2.348232154769846503e+01 6.590311815251757334e-03 9.925513951077261643e-01 8.530787752500623407e-04 4.254851819745941624e-06 9.594499451249207277e-07
2.361574382921947901e+01 3.002473950630224573e-03 9.959804808970484924e-01 1.005167297295789719e-03 1.135081166944653851e-05 5.270433496461269084e-07
2.374916611074049300e+01 1.136341403387918815e-02 9.881872379465116429e-01 4.478042866719774947e-04 1.113107088124571512e-06 4.306258422719332475e-07
2.388258839226150698e+01 1.687586729290971397e-03 9.969568555384885622e-01 1.346146919152240102e-03 8.472390148102119801e-06 9.384229135718829636e-07
2.401601067378252097e+01 8.740698921345419967e-03 9.910289266335320368e-01 2.287690582448157134e-04 1.402159157269146694e-06 2.032277138339684066e-07
2.414943295530353495e+01 7.212408485018215708e-03 9.913306486074515700e-01 1.448549423585838427e-03 7.422914025301892770e-06 9.705699125129826214e-07
2.428285523682454894e+01 2.611354724733471345e-03 9.970821088165540136e-01 3.001524686676163619e-04 5.830904260472170194e-06 5.530857771217457581e-07
2.441627751834556292e+01 1.146406203816418765e-02 9.872515995383209786e-01 1.275340686205920018e-03 8.412453395015997865e-06 5.852839068821592893e-07
2.454969979986657691e+01 2.019431296933379711e-03 9.973423317151790535e-01 6.270603034792734259e-04 1.012598602314414799e-05 1.050698378292125991e-06
2.468312208138759090e+01 8.220621974700857357e-03 9.908598084961944830e-01 9.123296694840524234e-04 7.013657331347413725e-06 2.262022823441888670e-07
2.481654436290860488e+01 7.833178431975059558e-03 9.911007868943215726e-01 1.053566924293324091e-03 1.137066935692635636e-05 1.097080046606673672e-06
2.494996664442961887e+01 2.281947657617118194e-03 9.971868393408925835e-01 5.281542363566697762e-04 2.759225411528570312e-06 2.995397156274211460e-07
2.508338892595063285e+01 1.150843433465921668e-02 9.870911208149183436e-01 1.390339523462812360e-03 9.454833902345496308e-06 6.504930506193910920e-07
2.521681120747164684e+01 2.411134355955613616e-03 9.972782133853972386e-01 3.097091445684366749e-04 2.391032989982222562e-07 7.040107728764105481e-07
2.535023348899266082e+01 7.677768078759596680e-03 9.908103596342213715e-01 1.502516967019829628e-03 9.114031919690743257e-06 2.412880725633694015e-07
2.548365577051367481e+01 8.430919830776558918e-03 9.911964237894356211e-01 3.699807642322115904e-04 1.706696242728172231e-06 9.689193054914349537e-07
2.561707805203469235e+01 2.008252447938224140e-03 9.966330479636407169e-01 1.347981715721919280e-03 1.039499006659730367e-05 3.228826254039417372e-07
2.575050033355570633e+01 1.149039078580830521e-02 9.878196986887919362e-01 6.831189973340992322e-04 5.980005936246324658e-06 8.115221230734430259e-07
2.588392261507672032e+01 2.852812721007243202e-03 9.961427649161298525e-01 9.937700676491312453e-04 9.891435794530222190e-06 7.608594128541157669e-07
2.601734489659773431e+01 7.123073979109923945e-03 9.917625717041496092e-01 1.105579420245212307e-03 8.347889663337965753e-06 4.270068258387892326e-07
2.615076717811874829e+01 8.981899850915256445e-03 9.904060615721360650e-01 6.041691078515706598e-04 6.816200336838547805e-06 1.053268753836907711e-06
2.628418945963976228e+01 1.790178504606837993e-03 9.967535466609276362e-01 1.447432852343648367e-03 8.598477823523464293e-06 2.435042919590148633e-07
2.641761174116077626e+01 1.139228690024704851e-02 9.882378634081452340e-01 3.667963331276466866e-04 2.151370903633240846e-06 9.019875706709319572e-07
2.655103402268179025e+01 3.337623152352433686e-03 9.950983591255101457e-01 1.554813144716612116e-03 8.766161935281231574e-06 4.384154793885813301e-07
2.668445630420280423e+01 6.559723832467832458e-03 9.930391606248227809e-01 4.001729299474092970e-04 4.507821822387797438e-07 4.918305741167266940e-07
2.681787858572381822e+01 9.484950371135319330e-03 9.891195015465723550e-01 1.384684531586504157e-03 1.007231447773622495e-05 7.912362225227554260e-07
2.695130086724483220e+01 1.627334409112644398e-03 9.976739310063030830e-01 6.959197283849854945e-04 2.563335499266514901e-06 2.515206952402508881e-07
2.708472314876584619e+01 1.120266992156481074e-02 9.877660523448599239e-01 1.017966782857003321e-03 1.237547445682467468e-05 9.354762568767494379e-07
2.721814543028686018e+01 3.853951904623372296e-03 9.950282844376487912e-01 1.111450225223370707e-03 5.913695521209557618e-06 3.997369788333497662e-07
2.735156771180787416e+01 5.981246173829292065e-03 9.933938109207962608e-01 6.131523334372185373e-04 1.106799475000293959e-05 7.225771826610702493e-07
2.748498999332888815e+01 9.941625891865542297e-03 9.886064575598394466e-01 1.443707928676867631e-03 7.434898674320266352e-06 7.737209395179131479e-07
2.761841227484990213e+01 1.519537421747734667e-03 9.981221178353123502e-01 3.516148605276967192e-04 6.345453288880158310e-06 3.844291192129267608e-07
2.775183455637091612e+01 1.093865152207764910e-02 9.875124106455136497e-01 1.541260562168746259e-03 6.683629069288276803e-06 9.936411668810385045e-07
2.788525683789193010e+01 4.388720065013459494e-03 9.952461471929564540e-01 3.628441316098660963e-04 1.986280017556321265e-06 3.023303987576046868e-07
2.801867911941294409e+01 5.394898221793315886e-03 9.932356216968232232e-01 1.360585238447014613e-03 8.059108226214433627e-06 8.357347070418641880e-07
2.815210140093395808e+01 1.034785929871431982e-02 9.890062922811916346e-01 6.440370458540047027e-04 1.190134038684060487e-06 6.212401986396644585e-07
2.828552368245497206e+01 1.469770377478334415e-03 9.975442446916593653e-01 9.742659144017749850e-04 1.125726571253692986e-05 4.617507450616292881e-07
2.841894596397598605e+01 1.061960645266192202e-02 9.883189106589442829e-01 1.056351861481400183e-03 4.100393155423847242e-06 1.030633753962330510e-06
2.855236824549700003e+01 4.937092407501249454e-03 9.944964098358668458e-01 5.528510703841002776e-04 1.337154715652534017e-05 2.751390878076298059e-07
2.868579052701801402e+01 4.822733212749948789e-03 9.937730611732823460e-01 1.397256493756233097e-03 5.883065684107456378e-06 1.066054524075596890e-06
2.881921280853902800e+01 1.068940177115490324e-02 9.890086498587440378e-01 2.902314625202230287e-04 1.119510762852319013e-05 5.217999494306311806e-07
2.895263509006004199e+01 1.487742608964349447e-03 9.970099580464364397e-01 1.495952909858788401e-03 5.677915738679219211e-06 6.685189986010600040e-07
2.908605737158105597e+01 1.025648520518863786e-02 9.894302239545440525e-01 3.074599375673552938e-04 4.856863068972394142e-06 9.740396281169768178e-07
2.921947965310206996e+01 5.508241844187416678e-03 9.931819677951726488e-01 1.303720317680042394e-03 5.753681091084238044e-06 3.163618662033713412e-07
2.935290193462308395e+01 4.289434962801539838e-03 9.951108723081250051e-01 5.975072189499492595e-04 1.039796440357318715e-06 1.145713680754458773e-06
2.948632421614409793e+01 1.097062176832415414e-02 9.881016303421014113e-01 9.180730476815130792e-04 9.186681595477486773e-06 4.881602952864703641e-07
2.961974649766511192e+01 1.582860845362713377e-03 9.973935781355153241e-01 1.021016154512937408e-03 1.714603684429408101e-06 8.302609224303933561e-07
2.975316877918612590e+01 9.847045124183271755e-03 9.896183454170962568e-01 5.193269835754835053e-04 1.426090637999593845e-05 1.021568762561126575e-06
2.988659106070713989e+01 6.107075870231605530e-03 9.925194653541391521e-01 1.369031628949974504e-03 4.048377709210521138e-06 3.787689673836796749e-07
3.002001334222815387e+01 3.806166822004393956e-03 9.958925894843726478e-01 2.859226164142565836e-04 1.404472173897260246e-05 1.276355467393133716e-06
3.015343562374916786e+01 1.120511659490248425e-02 9.873119396357035171e-01 1.478080019994890398e-03 4.535097870808376164e-06 3.286515260157839278e-07
3.028685790527018185e+01 1.758176444472766067e-03 9.979069068195332015e-01 3.251080227897350564e-04 8.879610873765057547e-06 9.291023288605270316e-07
3.042028018679119583e+01 9.403688814936115442e-03 9.892809665415841502e-01 1.310371174452717091e-03 4.223717331762724560e-06 7.497516940336544231e-07
3.055370246831220982e+01 6.724414315173099163e-03 9.926491939338585313e-01 6.227439922512717453e-04 3.245422173598847795e-06 4.023365426275121210e-07
3.068712474983322380e+01 3.376696257380291336e-03 9.956582812131478111e-01 9.563472520917742914e-04 7.524190036036207015e-06 1.151087343246224447e-06
3.082054703135423779e+01 1.140144545044582784e-02 9.875505092033988186e-01 1.046478067407605097e-03 1.234996816232453500e-06 3.322819308314516915e-07
3.095396931287525177e+01 2.011980470527995925e-03 9.973874702568692463e-01 5.869104736091307036e-04 1.258391841168854196e-05 1.054880581656582271e-06
3.108739159439626576e+01 8.941579502961814405e-03 9.896456098268318069e-01 1.409555249892900696e-03 2.488736766158379654e-06 7.666835470154899390e-07
3.122081387591727974e+01 7.339593136169163777e-03 9.922687513322367980e-01 3.756120957406819242e-04 1.546210510950120671e-05 5.813307436287035084e-07
3.135423615743829373e+01 3.003992136526002776e-03 9.954397074011711588e-01 1.552367280526471219e-03 2.790164521630492290e-06 1.143017254450958666e-06
3.148765843895930772e+01 1.154065165472669026e-02 9.880262209031508425e-01 4.199219502270909888e-04 1.292652540552785269e-05 2.789664900569216617e-07
3.162108072048032170e+01 2.338342090370186793e-03 9.962429941236535802e-01 1.414973425903794362e-03 2.681978530367396464e-06 1.008381541712060165e-06
3.175450300200133569e+01 8.468740942914566514e-03 9.908164282618154850e-01 7.072503643737892585e-04 7.128678901555704061e-06 4.517519944480452630e-07
3.188792528352234967e+01 7.941181070078783336e-03 9.909780721915538715e-01 1.075881393532448268e-03 4.314694469150961293e-06 5.506503658236432157e-07
3.202134756504336366e+01 2.690268972491024341e-03 9.961797029203709464e-01 1.125287899717458294e-03 3.897994527932447687e-06 8.422128930919135913e-07
3.215476984656437764e+01 1.160140239311135794e-02 9.876793816569054973e-01 7.098240749871348411e-04 9.101193727353374527e-06 2.906812684555374426e-07
3.228819212808539163e+01 2.725838889063960432e-03 9.957743828686603793e-01 1.495624106481870498e-03 3.172324485492280181e-06 9.818113082975423539e-07
3.242161440960640562e+01 7.969413001007974798e-03 9.915276358562785664e-01 4.887506066828651132e-04 1.373531912776859013e-05 4.652169031127607002e-07
3.255503669112741960e+01 8.521643849036681859e-03 9.898255284885700833e-01 1.648971803350046368e-03 3.106075260276916076e-06 7.497837836248451336e-07
3.268845897264843359e+01 2.429201532338883668e-03 9.970451030044260587e-01 5.109841174466063941e-04 1.388540569971747301e-05 8.259400893081708635e-07
3.282188125416944757e+01 1.157618168241928563e-02 9.869016149850439179e-01 1.519700317102514950e-03 2.076862668892826586e-06 4.261527657083571488e-07
3.295530353569046156e+01 3.154111667213839107e-03 9.960610722061183919e-01 7.728243001620428709e-04 1.100382760781850179e-05 9.879988979432343191e-07
3.308872581721147554e+01 7.432841969935959602e-03 9.913894674202273771e-01 1.175664111490940704e-03 1.677717234392219760e-06 3.487811113124290924e-07
3.322214809873248953e+01 9.069282880286983622e-03 9.897565868842261860e-01 1.166344532074202120e-03 6.961898855541475102e-06 8.238045569344846138e-07
3.335557038025350352e+01 2.210615119031596187e-03 9.970064510957141746e-01 7.779001682241108457e-04 4.449940667551382641e-06 5.836763627493869174e-07
3.348899266177451750e+01 1.147517714046403237e-02 9.869980299359184528e-01 1.521434928259972905e-03 4.849612964927814617e-06 5.083823928295584971e-07
3.362241494329553149e+01 3.606609193702878594e-03 9.958715712619196081e-01 5.117489961651241516e-04 9.167222832226211058e-06 9.033253803739689101e-07
3.375583722481654547e+01 6.863025658397737400e-03 9.914579515259014375e-01 1.674021539050056257e-03 4.654057868311200005e-06 3.472187825368773651e-07
3.388925950633755946e+01 9.559961465540455644e-03 9.899271897497153860e-01 4.983031850859233293e-04 1.353332504895853457e-05 1.012274610096509496e-06
3.402268178785857344e+01 2.031362507835241405e-03 9.964301440446872160e-01 1.534435488778760964e-03 3.555389080126728484e-06 5.025696192476341856e-07
3.415610406937958743e+01 1.130050449329617415e-02 9.879471227570011393e-01 7.384534674184412180e-04 1.313189919396983445e-05 7.873830914580071685e-07
3.428952635090060141e+01 4.078848128266605172e-03 9.947651009624104423e-01 1.153320294248594670e-03 1.875691838448046475e-06 8.549232366659674464e-07
3.442294863242161540e+01 6.282461494414985984e-03 9.925853266116878570e-01 1.122717175521965524e-03 9.032637604078675133e-06 4.620807710837500750e-07
3.455637091394262939e+01 9.985476894538589110e-03 9.892973225179901853e-01 7.146718398743194534e-04 1.460194918656469805e-06 1.068552678044708407e-06
3.468979319546364337e+01 1.899882090769244858e-03 9.966241670996038859e-01 1.469500704705971848e-03 6.022148440591600708e-06 4.279564806515903301e-07
3.482321547698465736e+01 1.104970618204061984e-02 9.885181515789873696e-01 4.257592263705457900e-04 5.484371802439016700e-06 8.986408004450865339e-07
3.495663775850567134e+01 4.578707274160430905e-03 9.938165405743422109e-01 1.598733115384513761e-03 5.222460785340473280e-06 7.965753297397555892e-07
3.509006004002668533e+01 5.706459682175327175e-03 9.938717806044500280e-01 4.099169676153717489e-04 1.132917819158486955e-05 5.135675700319348745e-07
3.522348232154769931e+01 1.035655272588292992e-02 9.882013313299587987e-01 1.435251684671947194e-03 5.680135178024331410e-06 1.184124310222108247e-06
3.535690460306871330e+01 1.829246637231983844e-03 9.974960132566723647e-01 6.606303646244293323e-04 1.374791733305909007e-05 3.618241406009513765e-07
