0.000000000000000000e+00 0.000000000000000000e+00 1.000000000000000000e+00 0.000000000000000000e+00 0.000000000000000000e+00 0.000000000000000000e+00
1.334222815210140134e-01 1.022560523520650751e-02 9.884463599982872273e-01 1.317448163977777463e-03 9.884292798244319759e-06 7.023097306542779676e-07
2.668445630420280268e-01 4.213251633084022160e-03 9.956204019274218497e-01 1.638441271434214002e-04 2.179154830236474737e-06 3.231575207283321788e-07
4.002668445630420679e-01 3.573559663513975991e-03 9.953814962078258999e-01 1.032840543351855843e-03 1.175003260890300728e-05 3.535526994135259147e-07
5.336891260840560536e-01 1.061543555490359302e-02 9.888068462971885131e-01 5.699998829093453137e-04 6.800316427773175391e-06 9.179485710160569276e-07
6.671114076050700392e-01 7.286783694316191582e-05 9.993327403280273247e-01 5.835099578462317601e-04 1.083102703089907819e-05 5.085015294978981374e-08
8.005336891260841359e-01 9.793328931998850073e-03 9.891706450466998257e-01 1.026294087649786378e-03 8.633370140538934771e-06 1.098563511106974586e-06
9.339559706470981215e-01 4.884585766499099750e-03 9.949317911510779933e-01 1.766521035772960341e-04 6.824994038986978521e-06 1.459848059765551117e-07
1.067378252168112107e+00 2.988846902464286758e-03 9.956755717552212559e-01 1.326891734721071707e-03 8.027194232337739381e-06 6.624133598330209799e-07
1.200800533689126093e+00 1.093107362209601655e-02 9.890586498861738685e-01 7.919677336238268369e-06 1.798948295899015367e-06 5.578660968190035995e-07
1.334222815210140078e+00 2.241489803947384243e-04 9.984330968440146004e-01 1.333955398314230724e-03 8.684314968539648180e-06 1.144623065395930823e-07
1.467645096731154064e+00 9.319300957483496115e-03 9.905190418287437293e-01 1.602142435904044065e-04 5.982548805162405027e-07 8.447153004109054834e-07
1.601067378252168272e+00 5.563995281055071108e-03 9.933798801440772985e-01 1.044974886155762214e-03 1.107989847103468479e-05 6.979023987538413096e-08
1.734489659773182257e+00 2.451364471901498927e-03 9.969769386367234310e-01 5.677195715729211039e-04 3.292444790730646039e-06 6.848750103685398861e-07
1.867911941294196243e+00 1.116027041900834876e-02 9.882289702296286338e-01 5.963982992503998959e-04 1.380081273917112248e-05 5.602393718981989657e-07
2.001334222815210229e+00 4.520391455460758966e-04 9.985038253042946010e-01 1.037915714642667891e-03 5.972848158420050633e-06 2.469873569117753888e-07
2.134756504336224214e+00 8.793693085899086451e-03 9.910026254092223486e-01 1.911039922539069181e-04 1.155937554246425646e-05 1.018137081324593596e-06
2.268178785857238200e+00 6.248851519491206707e-03 9.924012120405200088e-01 1.343253666409146381e-03 6.663978813976537690e-06 1.879476458626591493e-08
2.401601067378252186e+00 1.967998191614426032e-03 9.980095383902710671e-01 1.610363226507470228e-05 5.425499523099434092e-06 9.342863259709456553e-07
2.535023348899266171e+00 1.131401059999602617e-02 9.873321166496299428e-01 1.347350758829046454e-03 6.246921233574882647e-06 2.750703109747893388e-07
2.668445630420280157e+00 7.502122297018431508e-04 9.990837890032809865e-01 1.643481269430643291e-04 1.232066281828643441e-06 4.185737916633336391e-07
2.801867911941294143e+00 8.218833870036293052e-03 9.907124140598907447e-01 1.058717607806867371e-03 9.281271524518978797e-06 7.531907412247030422e-07
2.935290193462308128e+00 6.927539081257088650e-03 9.925002382300349701e-01 5.709005546504798950e-04 1.284965908052498656e-06 3.716814938205903188e-08
3.068712474983322114e+00 1.536194845294479002e-03 9.978418551324675922e-01 6.074859144020142328e-04 1.354006588691026765e-05 9.240419487413007693e-07
3.202134756504336544e+00 1.140018337663189531e-02 9.875554959267277555e-01 1.039847023053927250e-03 4.300744972123050428e-06 1.729286148090718974e-07
3.335557038025350529e+00 1.112312153448274553e-03 9.986745492834555593e-01 1.982091164893637542e-04 1.433920316823499693e-05 5.902434387069504274e-07
3.468979319546364515e+00 7.612767117724955970e-03 9.910298285692059617e-01 1.351296171072283170e-03 5.484186026455727303e-06 6.239559703278616013e-07
3.602401601067378500e+00 7.576684321674244729e-03 9.923885805376329028e-01 2.400307514645129073e-05 1.060678948575158727e-05 1.252760605228736721e-07
3.735823882588392486e+00 1.161632798977095321e-03 9.974719381683997410e-01 1.360088529625009830e-03 5.477394292869494890e-06 8.631087056297506444e-07
3.869246164109406472e+00 1.141407815839415134e-02 9.884136719517229164e-01 1.681861473904269495e-04 3.989851969614475239e-06 7.389052392713371627e-08
4.002668445630420457e+00 1.537530409729105521e-03 9.973914714772025292e-01 1.063235209430325777e-03 7.128832965975120720e-06 6.340706731390053251e-07
4.136090727151434443e+00 6.994871009927345999e-03 9.924359121967818442e-01 5.679220654383848555e-04 7.681402716349665742e-07 5.265875823422549079e-07
4.269513008672448429e+00 8.189302324085831822e-03 9.911916767568703657e-01 6.074289715302557931e-04 1.138758990861979376e-05 2.043576067929260536e-07
4.402935290193462414e+00 8.534264091877549795e-04 9.981047753248115662e-01 1.039109882815679366e-03 1.702104646730345576e-06 9.862785400619698427e-07
4.536357571714476400e+00 1.133812206351699978e-02 9.884403759051182403e-01 2.055113755404433247e-04 1.594172276344189525e-05 4.893306270360586290e-08
4.669779853235490386e+00 2.023861602367305404e-03 9.966195267823957371e-01 1.352211495989394168e-03 3.472376078202349642e-06 9.277431713085892794e-07
4.803202134756504371e+00 6.367151420917554865e-03 9.935835387546898545e-01 3.452221243341482517e-05 1.445988956375747084e-05 3.277223969887374120e-07
4.936624416277518357e+00 8.768906855666452546e-03 9.898689834902206774e-01 1.357706884838084721e-03 3.993298705627328924e-06 4.094705708287121304e-07
5.070046697798532342e+00 6.191919010128878360e-04 9.991979121837337718e-01 1.737188593486791094e-04 8.453511668416559805e-06 7.235442373232792264e-07
5.203468979319546328e+00 1.117773488606482908e-02 9.877517952409768931e-01 1.065972169716288649e-03 4.463282915391340306e-06 3.442032764615038338e-08
5.336891260840560314e+00 2.562006580299197936e-03 9.968695885080285368e-01 5.645971743148346092e-04 3.003854031377601735e-06 8.038833280083711452e-07
5.470313542361574299e+00 5.727961955940618494e-03 9.936437220760844236e-01 6.193369391625353458e-04 8.713704226988800829e-06 2.653245874044732796e-07
5.603735823882588285e+00 9.317915290471805861e-03 9.896560898513329096e-01 1.024555990175924020e-03 9.543074158201405181e-07 4.845606052904073803e-07
5.737158105403602271e+00 4.584939617375324698e-04 9.993067013596154124e-01 2.199195212802960617e-04 1.401575235496863753e-05 8.694050135636925544e-07
5.870580386924616256e+00 1.094935310900891148e-02 9.877087531418250466e-01 1.339851847730889585e-03 1.927370214380677903e-06 1.145312228682397865e-07
6.004002668445630242e+00 3.137639336967572561e-03 9.967966613133000253e-01 4.816460616208596764e-05 1.636086771454914153e-05 1.173875857394128540e-06
6.137424949966644228e+00 5.087471191640560719e-03 9.935448838515529291e-01 1.365547415133697108e-03 2.000590863102707777e-06 9.695081215883090535e-08
6.270847231487658213e+00 9.817278123585508609e-03 9.899892414004357599e-01 1.792785264484621081e-04 1.336706232298508641e-05 8.348872102675168517e-07
6.404269513008673087e+00 3.717169998375487085e-04 9.985383912984991950e-01 1.087387915432473304e-03 2.055006800038815194e-06 4.487794332888429272e-07
6.537691794529687073e+00 1.066698310350473744e-02 9.887720202098067013e-01 5.539087443098070218e-04 6.851226178286430576e-06 2.367162026953009229e-07
6.671114076050701058e+00 3.745070676155041762e-03 9.956100544524694174e-01 6.395716887818858219e-04 4.517312786786883805e-06 7.858698090780590929e-07
6.804536357571715044e+00 4.465876224032881356e-03 9.945211678445295966e-01 1.009677328998133481e-03 3.225755005913442700e-06 5.284743561739968121e-08
6.937958639092729030e+00 1.025017530560480387e-02 9.895013537100457723e-01 2.372718164565183318e-04 1.045957089430532093e-05 7.395970011498891559e-07
7.071380920613743015e+00 3.608478591514872272e-04 9.982986206184851774e-01 1.337467693880756842e-03 2.596282430934487861e-06 4.675460539414679659e-07
7.204803202134757001e+00 1.032004850614260533e-02 9.896034323869766780e-01 6.013702952540972912e-05 1.602070329996675257e-05 3.613740583691148454e-07
7.338225483655770987e+00 4.382705533695629985e-03 9.942380352151451994e-01 1.375823895502412434e-03 2.451636461924948942e-06 9.837191971806495446e-07
7.471647765176784972e+00 3.875187413408575591e-03 9.959268121132506257e-01 1.825025452115870001e-04 1.542198363923199676e-05 7.594449253700686430e-08
7.605070046697798958e+00 1.061448065222886893e-02 9.882754600078922369e-01 1.107777192111128114e-03 1.273668049254109685e-06 1.008479721030440229e-06
7.738492328218812943e+00 4.264211372064320498e-04 9.990099837385408854e-01 5.524467112999991011e-04 1.093908917693389504e-05 2.093237786447428092e-07
7.871914609739826929e+00 9.904644448031020912e-03 9.894282199278907619e-01 6.653827252133804031e-04 1.228937158669317288e-06 5.239617091954476581e-07
8.005336891260840915e+00 5.043917825081257848e-03 9.939451411586101015e-01 1.004011049707852384e-03 6.309092788415402711e-06 6.208738153342771541e-07
8.138759172781854900e+00 3.315261509009543618e-03 9.964242997188925699e-01 2.547097078464912638e-04 5.641335179685209332e-06 8.772907506797355859e-08
8.272181454302868886e+00 1.092132936358320566e-02 9.877425920565091610e-01 1.330605300779824553e-03 4.623003702475069142e-06 8.502754286408308755e-07
8.405603735823882872e+00 5.654281590191351887e-04 9.993566420617259194e-01 6.611903885497588586e-05 1.163400480793584275e-05 1.767355952109329241e-07
8.539026017344896857e+00 9.430299846237232692e-03 9.891817879306502581e-01 1.382440144654362461e-03 4.842614748315209489e-06 6.294637126135409486e-07
8.672448298865910843e+00 5.708497994653541699e-03 9.940903919815504697e-01 1.851060780810080621e-04 1.533894758385509260e-05 6.649981341252973419e-07
8.805870580386924829e+00 2.788282668257240342e-03 9.960800617741284446e-01 1.128443471847362855e-03 3.005187101183656805e-06 2.068986685371030281e-07
8.939292861907938814e+00 1.116624092621628685e-02 9.882679112692004386e-01 5.516869777327214081e-04 1.316526007968269299e-05 9.955667731262552445e-07
9.072715143428952800e+00 7.757682185836203099e-04 9.985410395323631727e-01 6.821559834981255404e-04 9.530805807303659061e-07 8.318497712392435732e-08
9.206137424949966785e+00 8.921074398306593628e-03 9.900689342984609898e-01 1.001234856703857529e-03 7.947864302648053957e-06 8.085822284826686891e-07
9.339559706470980771e+00 6.363455297366061095e-03 9.933725094967574831e-01 2.617752820541934303e-04 1.817073554243266730e-06 4.428502713951829059e-07
9.472981987991994757e+00 2.306082146852400996e-03 9.963546512789764886e-01 1.333183010145270195e-03 5.758870816551700563e-06 3.246932124350814736e-07
9.606404269513008742e+00 1.133277078579347612e-02 9.885894227368606790e-01 6.954608196603088771e-05 7.340383316598316221e-06 9.200120662128039198e-07
9.739826551034022728e+00 1.058384595538396046e-03 9.975487523256987288e-01 1.387181326634356632e-03 5.612105238646617927e-06 6.964689289114208893e-08
9.873248832555036714e+00 8.381411351584983419e-03 9.914159815544205667e-01 1.886204095232460909e-04 1.300316574838230845e-05 9.835187261179677006e-07
1.000667111407605070e+01 7.006722460093763385e-03 9.918561742315450402e-01 1.131564428416711012e-03 5.241361467281881128e-06 2.975184806107627666e-07
1.014009339559706468e+01 1.882774833110454358e-03 9.975434113574122019e-01 5.597350607511102040e-04 1.352625751334691666e-05 5.524912166785050584e-07
1.027351567711807867e+01 1.141146513578683054e-02 9.878943516349930620e-01 6.907470402924797666e-04 2.696987058619337395e-06 7.392018726172852820e-07
1.040693795863909266e+01 1.410047092745322700e-03 9.975693147953147433e-01 1.009888164852885701e-03 1.063483594284354863e-05 1.151111475493764588e-07
1.054036024016010664e+01 7.809218399608332251e-03 9.919133934798587404e-01 2.758098907608716541e-04 6.682442429571030681e-07 9.099855327626819152e-07
1.067378252168112063e+01 7.643178647002640304e-03 9.910187794371383418e-01 1.330680876978223648e-03 7.175788581924704972e-06 1.852503023302141052e-07
1.080720480320213461e+01 1.522941157559223359e-03 9.983894376343881438e-01 8.377803268063202784e-05 3.208224572162269734e-06 6.349508031436597582e-07
1.094062708472314860e+01 1.141536992304438385e-02 9.871965865875519386e-01 1.380559338158845713e-03 6.780339598719503642e-06 7.038116496448838228e-07
1.107404936624416258e+01 1.822867606228745956e-03 9.979630238636754136e-01 2.053573526753555323e-04 8.533601256958019064e-06 2.175761671017287753e-07
1.120747164776517657e+01 7.204970744523790487e-03 9.916470178357521537e-01 1.139558051469485292e-03 7.372597790817568237e-06 1.080770467377695388e-06
1.134089392928619056e+01 8.258898610982751132e-03 9.911532823970233830e-01 5.749329026712290003e-04 1.278662856984420416e-05 9.946075631219861757e-08
1.147431621080720454e+01 1.226421519122905361e-03 9.980544049441105736e-01 7.134481366528973214e-04 4.848357358318241009e-06 8.770427585647817926e-07
1.160773849232821853e+01 1.135742942051102579e-02 9.876148240404611922e-01 1.015338030501836694e-03 1.202036408929548639e-05 3.881444400058353615e-07
1.174116077384923251e+01 2.288521200410724432e-03 9.974065761334055535e-01 3.031856647274622880e-04 1.389763677562166949e-06 3.272377824991628802e-07
1.187458305537024650e+01 6.589827916283553730e-03 9.920673382744289448e-01 1.332675003004087826e-03 9.411586481927633431e-06 7.472198043679642087e-07
1.200800533689126048e+01 8.835283408681306877e-03 9.910540818646238481e-01 1.101954365463051790e-04 3.671281391759583942e-07 7.216201213462209466e-08
1.214142761841227447e+01 9.954637681333369185e-04 9.976066293674078489e-01 1.388032606414508000e-03 9.101728030991567965e-06 7.725300162990485305e-07
1.227484989993328846e+01 1.123308000552268940e-02 9.885382439609516902e-01 2.242989191447450153e-04 3.961627464702161512e-06 4.154869190364723560e-07
1.240827218145430244e+01 2.805438305819223186e-03 9.960308041391814360e-01 1.153772292634135848e-03 9.547167928406237385e-06 4.380944389280416225e-07
1.254169446297531643e+01 5.978243819075631377e-03 9.934248842666755230e-01 5.874915748779368022e-04 8.416730808160691654e-06 9.636085653899034732e-07
1.267511674449633041e+01 9.359985458556010357e-03 9.898923814025334389e-01 7.387408895729476307e-04 8.771442901673404826e-06 1.208064388430328645e-07
1.280853902601734617e+01 8.354334005073886559e-04 9.981242411238727685e-01 1.029227882382277018e-03 1.001040422431436779e-05 1.087189016364818480e-06
1.294196130753836016e+01 1.102827793597326717e-02 9.886301445714228420e-01 3.367592290661667025e-04 4.633773277985789593e-06 1.844902627547208917e-07
1.307538358905937415e+01 3.368522824546609038e-03 9.952773828521196409e-01 1.343984207644456207e-03 9.456421661454512281e-06 6.536940314656929276e-07
1.320880587058038813e+01 5.374365589212992504e-03 9.944891907044645096e-01 1.352649472534714467e-04 6.070532279377916070e-07 5.717058449382079847e-07
1.334222815210140212e+01 9.840633583793105543e-03 9.887563337630899118e-01 1.394030115510560630e-03 8.840516256483102692e-06 1.620213535176887782e-07
1.347565043362241610e+01 7.474890956765824863e-04 9.990162949147755045e-01 2.345410801932509685e-04 8.129753789913358429e-07 8.619339789347830927e-07
1.360907271514343009e+01 1.074495299768550571e-02 9.880771840098493408e-01 1.166709099261069348e-03 1.098790437238156171e-05 1.659888349914231581e-07
1.374249499666444407e+01 3.964507548808863732e-03 9.954408186305472306e-01 5.896424946513943114e-04 4.291624996938905696e-06 7.397009994406348080e-07
1.387591727818545806e+01 4.773496307798081630e-03 9.944525386043846504e-01 7.612352640748837850e-04 1.208179930217266205e-05 6.480244439277020610e-07
1.400933955970647204e+01 1.027460081340901381e-02 9.886900092533805751e-01 1.027514576071751271e-03 7.534004698031507177e-06 3.413524443874739984e-07
1.414276184122748603e+01 7.296249696795982335e-04 9.989057012928239665e-01 3.546664389108489181e-04 8.945507290990777958e-06 1.061791298238251446e-06
1.427618412274850002e+01 1.040209224651053588e-02 9.882443711069515135e-01 1.346079542922428178e-03 7.341515761917022254e-06 1.155878573490953117e-07
1.440960640426951400e+01 4.576161950215222075e-03 9.952792287197038679e-01 1.397186886359198191e-04 3.928647559442673186e-06 9.619938893239848340e-07
1.454302868579052799e+01 4.186655378858983312e-03 9.944009343180336691e-01 1.404780267341055764e-03 7.299960890201337820e-06 3.300748803829784933e-07
1.467645096731154197e+01 1.064861922469194193e-02 9.891260586115283582e-01 2.242319968014647765e-04 6.165897920404104373e-07 4.735771903681730949e-07
1.480987324883255596e+01 7.819039997684060000e-04 9.980330745917216362e-01 1.174583179450827556e-03 9.675786383822524065e-06 7.624426796600013165e-07
1.494329553035356994e+01 1.001170722882849771e-02 9.894151074761728948e-01 5.709452662350308775e-04 2.108700220419347993e-06 1.313285475155601778e-07
1.507671781187458393e+01 5.198541121528681315e-03 9.940292250408633290e-01 7.585071134893743182e-04 1.278786286499100903e-05 9.388612577900699662e-07
1.521014009339559792e+01 3.630728421963326426e-03 9.953464361138925076e-01 1.017498024307021383e-03 5.055598850354206511e-06 2.818409912112060601e-07
1.534356237491661190e+01 1.094365322618471095e-02 9.886941575531320581e-01 3.480637982425601774e-04 1.347012565089439107e-05 6.552967936279582631e-07
1.547698465643762589e+01 9.066828860049900955e-04 9.977380431472134825e-01 1.348270608744508731e-03 6.277114499584350010e-06 7.262435408017751302e-07
1.561040693795863987e+01 9.570878771224254275e-03 9.902895531234398030e-01 1.308750798778984001e-04 8.459526925834926528e-06 2.334985357486922890e-07
1.574382921947965386e+01 5.834224966497676863e-03 9.927547942871713937e-01 1.404014992987025374e-03 5.997636919002345181e-06 9.681164283784318503e-07
1.587725150100066784e+01 3.120074442787629937e-03 9.966649071758966194e-01 2.121773921250710729e-04 2.663036705786953973e-06 1.779524881413326892e-07
1.601067378252168183e+01 1.116675822359733047e-02 9.876580172502611443e-01 1.167374065621948516e-03 7.102225220482078593e-06 7.482353026702105180e-07
1.614409606404269582e+01 1.104221105329200722e-03 9.983323828375623155e-01 5.619117951357909847e-04 8.967681440249562308e-07 5.874938324500588391e-07
1.627751834556370980e+01 9.076341991017169292e-03 9.901574578464908960e-01 7.540111844964918295e-04 1.187340365559982037e-05 3.155743436896068886e-07
1.641094062708472379e+01 6.479585860327151045e-03 9.925041296775841682e-01 1.012421153757666866e-03 2.850516860694408439e-06 1.012791474291857330e-06
1.654436290860573777e+01 2.656368286083151623e-03 9.969794811835325232e-01 3.492900874702855023e-04 1.471787288071919368e-05 1.425700380028167727e-07
1.667778519012675176e+01 1.132931460880184059e-02 9.873183794161362048e-01 1.346306295712757254e-03 5.045329167780707122e-06 9.543501856437638355e-07
1.681120747164776574e+01 1.371274655521441399e-03 9.984772486242864398e-01 1.386576197533996525e-04 1.240641067447915711e-05 4.126897678510897852e-07
1.694462975316877973e+01 8.544067063483944471e-03 9.900392760265241954e-01 1.411487145473842072e-03 4.700944601741881080e-06 4.688199202678284955e-07
1.707805203468979371e+01 7.117355252548610185e-03 9.926503702583637789e-01 2.248413913565550299e-04 6.605112807804451815e-06 8.279849269185273011e-07
1.721147431621080770e+01 2.244195588376409270e-03 9.965668553672706320e-01 1.183277854130919795e-03 5.537372453342609200e-06 1.338177727497674998e-07
1.734489659773182169e+01 1.143547740176737749e-02 9.879903455836520632e-01 5.717380089502223112e-04 1.508937900862780894e-06 9.300677336194678563e-07
1.747831887925283567e+01 1.707129361888419126e-03 9.975103555580799863e-01 7.729174339612086830e-04 9.227372657521574272e-06 3.702734173702059672e-07
1.761174116077384966e+01 7.994174610108144285e-03 9.909812434717466534e-01 1.022824912321941603e-03 1.152400007492362777e-06 6.046058209468280826e-07
1.774516344229486364e+01 7.733498866711803130e-03 9.918743358015607026e-01 3.771602150609959492e-04 1.407795514786914365e-05 9.271615245746666126e-07
1.787858572381587763e+01 1.891498075573356955e-03 9.967364980005736230e-01 1.369236299325207436e-03 2.559611685385779839e-06 2.080128480632260621e-07
1.801200800533689161e+01 1.146621398542366915e-02 9.883391712437842314e-01 1.778876918358648007e-04 1.556349190324064047e-05 1.163587058754101813e-06
1.814543028685790560e+01 2.109642970593628153e-03 9.964422111674772209e-01 1.444774509838480259e-03 3.196916185189379620e-06 1.744359102253614591e-07
1.827885256837891959e+01 7.434265800214744958e-03 9.922903597462570113e-01 2.638601654488089885e-04 1.070919873164804421e-05 8.050893528547199268e-07
1.841227484989993357e+01 8.326432172968540463e-03 9.904486605360728335e-01 1.220903987430897644e-03 3.471518014400868978e-06 5.317855187514150175e-07
1.854569713142094756e+01 1.606282020253751259e-03 9.977852703574254800e-01 6.032375265989020283e-04 4.941239574090435164e-06 2.688561529359921633e-07
1.867911941294196154e+01 1.141511631803156061e-02 9.877587940334774386e-01 8.189877088794531544e-04 6.226588864226603410e-06 8.753507527923753817e-07
1.881254169446297553e+01 2.571032751178077211e-03 9.963793853800287925e-01 1.047400339494323259e-03 2.019943151620547629e-06 1.615861525770175816e-07
1.894596397598398951e+01 6.856095677569894707e-03 9.927009732377686246e-01 4.301225263048385908e-04 1.198425519288328327e-05 8.243031691875332505e-07
1.907938625750500350e+01 8.896565037509997220e-03 9.897103286975807990e-01 1.390508337508062449e-03 2.023349052536598150e-06 5.745783541240728687e-07
1.921280853902601748e+01 1.386576903570526167e-03 9.983700612621925208e-01 2.275093152895500085e-04 1.540697420284307503e-05 4.455447497699025238e-07
1.934623082054703147e+01 1.128858037619566955e-02 9.872316628885152712e-01 1.476347882897698560e-03 2.397558409898805648e-06 1.011293987001986142e-06
1.947965310206804546e+01 3.074144490391711622e-03 9.966094924221992057e-01 3.017391318568289280e-04 1.445855509946651759e-05 1.654004584431602323e-07
1.961307538358905944e+01 6.260571267667046011e-03 9.924668789943925651e-01 1.269998514615627502e-03 1.576558980294907156e-06 9.746643500232798775e-07
1.974649766511007343e+01 9.429229518002239102e-03 9.899399120052205792e-01 6.209051556462239288e-04 9.669540937104977954e-06 2.837801991489944698e-07
1.987991994663108741e+01 1.228304374685297486e-03 9.979002198393679413e-01 8.682540882338125616e-04 2.695528585652018963e-06 5.261691328514923446e-07
2.001334222815210140e+01 1.110148900672822819e-02 9.878459913317495511e-01 1.046817529239648650e-03 5.041908741863398690e-06 6.602235463611296555e-07
2.014676450967311538e+01 3.607976495087315914e-03 9.959231410941348228e-01 4.618552717239332323e-04 6.853941605597280810e-06 1.731974537912320722e-07
2.028018679119412937e+01 5.660993930399256351e-03 9.929419923038096396e-01 1.392206315403575652e-03 3.930367586393480302e-06 8.770828060663154046e-07
2.041360907271514336e+01 9.901505804021439386e-03 9.898450729505968715e-01 2.402836799049041226e-04 1.284683321299568655e-05 2.907322690551804200e-07
2.054703135423615734e+01 1.131034279540150522e-03 9.973745561459702591e-01 1.490156803756228100e-03 3.550242705246421496e-06 7.025280335705221021e-07
2.068045363575717133e+01 1.084742805095263891e-02 9.888388533902691124e-01 2.976152273238263641e-04 1.536426607559133941e-05 7.390653844832959802e-07
2.081387591727818531e+01 4.168962137320349551e-03 9.945455800473973484e-01 1.282759922543423884e-03 2.361339576694865322e-06 3.365531671199029464e-07
2.094729819879919930e+01 5.074896759576856889e-03 9.943064895671319681e-01 6.055375108636825874e-04 1.204150089511759295e-05 1.034661537209926891e-06
2.108072048032021328e+01 1.030634414917691068e-02 9.888225795299382392e-01 8.699748840737200764e-04 9.020645578058674428e-07 1.993722583378714930e-07
2.121414276184122727e+01 1.098946720490354394e-03 9.978648899342307255e-01 1.027677449915309063e-03 7.606187974382307382e-06 8.797073945624704853e-07
2.134756504336224125e+01 1.052012516728564363e-02 9.890262640530598226e-01 4.503045360787813044e-04 2.818748896737149617e-06 4.874946841072683357e-07
2.148098732488325524e+01 4.757934733970833018e-03 9.938699849690145749e-01 1.366691462358818289e-03 4.939300313640600061e-06 4.495343477013622544e-07
2.161440960640426923e+01 4.507064022560451633e-03 9.952681566046355233e-01 2.152364649587295284e-04 8.619616969557814882e-06 9.232908812967408115e-07
2.174783188792528321e+01 1.065409246605429280e-02 9.878813294193905525e-01 1.459307997109267731e-03 5.067661205462734497e-06 2.024562455322343818e-07
2.188125416944629720e+01 1.135086378008558043e-03 9.985822157356630813e-01 2.683043539943973511e-04 1.335820021842498608e-05 1.035332121864212905e-06
2.201467645096731118e+01 1.012536398085746130e-02 9.886112971728840959e-01 1.258288925336828630e-03 4.643931218822901056e-06 4.059897093331335064e-07
2.214809873248832517e+01 5.363582739581138070e-03 9.940434286278995168e-01 5.783999883199826596e-04 1.390445710416140452e-05 6.841871018063705547e-07
2.228152101400933915e+01 3.963278488903542417e-03 9.951826334770655924e-01 8.512970493421202246e-04 1.944516503461790522e-06 8.464681915446972268e-07
2.241494329553035314e+01 1.095383508871747985e-02 9.880388035281465475e-01 9.975378252945494434e-04 9.553770502473738592e-06 2.697873448328499459e-07
2.254836557705136713e+01 1.242897977389521716e-03 9.983259533734173408e-01 4.290626783582063243e-04 1.030143410977801513e-06 1.055827429619306435e-06
2.268178785857238111e+01 9.690423265077739365e-03 9.889672668016369350e-01 1.336070110310852866e-03 5.934331814772119319e-06 3.054911647043423643e-07
2.281521014009339510e+01 5.976213645929075169e-03 9.938223576374050072e-01 1.962627663769782077e-04 4.364896847524633169e-06 8.010534462152492265e-07
2.294863242161440908e+01 3.455789156407873541e-03 9.950989704436521421e-01 1.438368535350352138e-03 6.087105536695046745e-06 7.847590575407666003e-07
2.308205470313542307e+01 1.119510994113440822e-02 9.885347984541064115e-01 2.590322796376138691e-04 1.070307910251499843e-05 3.562460234676155002e-07
2.321547698465643705e+01 1.427187273082874573e-03 9.973164635495930241e-01 1.249028712498226334e-03 6.169229970577899482e-06 1.151234859934028965e-06
2.334889926617745104e+01 9.230061756696238129e-03 9.901766433617784635e-01 5.795297857461116902e-04 1.355195444046539878e-05 2.131413424213037447e-07
2.348232154769846503e+01 6.591765494960455732e-03 9.925470836247097806e-01 8.559561019088550004e-04 4.241196734919221705e-06 9.535816897631951403e-07
2.361574382921947901e+01 3.003967593198617579e-03 9.959759384526737369e-01 1.008254736685205771e-03 1.131216993301827894e-05 5.270475127084502827e-07
2.374916611074049300e+01 1.136649693441000274e-02 9.881790875296145860e-01 4.528877277884191732e-04 1.105956606328853562e-06 4.218515836999835349e-07
2.388258839226150698e+01 1.689761706915509981e-03 9.969501517954095782e-01 1.350651604743406198e-03 8.500321664443583934e-06 9.345712701022190738e-07
2.401601067378252097e+01 8.744502546238396012e-03 9.910185412986626252e-01 2.353421493064675912e-04 1.414301044525877368e-06 1.997047517341024886e-07
2.414943295530353495e+01 7.215943720842974557e-03 9.913207913180388520e-01 1.454820722034576991e-03 7.484710525242211245e-06 9.595285621736156433e-07
2.428285523682454894e+01 2.615126246630624946e-03 9.970710120751002936e-01 3.074959678664416921e-04 5.813655014233386799e-06 5.520553932764784877e-07
2.441627751834556292e+01 1.146881821444348248e-02 9.872387564901333734e-01 1.283426811815974742e-03 8.424664504970020418e-06 5.738191077000319433e-07
2.454969979986657691e+01 2.023303232548516201e-03 9.973308601321243527e-01 6.347219877557792791e-04 1.007189455066355375e-05 1.042753026309622579e-06
2.468312208138759090e+01 8.225733521779148363e-03 9.908454744185114516e-01 9.215932543928957027e-04 6.977327888552276955e-06 2.214774337553936448e-07
2.481654436290860488e+01 7.837590721856588574e-03 9.910886236490580314e-01 1.061347199752839081e-03 1.135526998071676043e-05 1.083159357600734099e-06
2.494996664442961887e+01 2.286570462262655593e-03 9.971731167821844544e-01 5.372737372793598551e-04 2.741279992598281570e-06 2.977382867599795009e-07
2.508338892595063285e+01 1.151321839748734206e-02 9.870784057131604117e-01 1.398223161373972866e-03 9.511333251965064782e-06 6.413947316587179990e-07
2.521681120747164684e+01 2.415093191226411543e-03 9.972664674695520537e-01 3.174980112575148195e-04 2.460026869430560516e-07 6.953252827400355913e-07
2.535023348899266082e+01 7.682216046377051896e-03 9.907979641017405914e-01 1.510414555293310103e-03 9.164494637769424415e-06 2.408019568556779115e-07
2.548365577051367481e+01 8.434414882153672480e-03 9.911869064858559453e-01 3.760367068043979984e-04 1.687004769159404977e-06 9.549204234628522895e-07
2.561707805203469235e+01 2.011682449214588584e-03 9.966225868292587498e-01 1.355038757615100245e-03 1.037022629830149094e-05 3.217376199757500457e-07
2.575050033355570633e+01 1.149323151555034679e-02 9.878124773885469390e-01 6.875399922097706487e-04 5.946415394542913477e-06 8.046883051688456751e-07
2.588392261507672032e+01 2.854975851686081516e-03 9.961359426764482272e-01 9.984875310152306442e-04 9.842498850110625104e-06 7.514420070067499381e-07
2.601734489659773431e+01 7.124799947105115924e-03 9.917578887778774055e-01 1.108512991690768215e-03 8.366308365885637754e-06 4.319749673663277087e-07
2.615076717811874829e+01 8.982806795375901723e-03 9.904037706397706975e-01 6.055606127083996374e-04 6.818392474902060687e-06 1.043559676117587335e-06
2.628418945963976228e+01 1.790551195380514970e-03 9.967518949597651279e-01 1.448652122977174593e-03 8.652821227201890731e-06 2.489006549347360112e-07
2.641761174116077626e+01 1.139168447993743269e-02 9.882402790380722113e-01 3.649566211756267173e-04 2.176283465468672514e-06 9.035773539284625938e-07
2.655103402268179025e+01 3.336640345289791643e-03 9.951005808247721518e-01 1.553583430657987877e-03 8.761592797771597168e-06 4.338064872640027062e-07
2.668445630420280423e+01 6.557420988485752888e-03 9.930457493400786095e-01 3.958829874502569940e-04 4.438617230556319151e-07 5.028222669569878423e-07
2.681787858572381822e+01 9.482513213285253748e-03 9.891264969435253906e-01 1.380202715661875542e-03 1.000214660169101740e-05 7.849809302008773217e-07
2.695130086724483220e+01 1.623767484720158678e-03 9.976835760024540534e-01 6.898390867860757555e-04 2.558280269271222523e-06 2.591457752469435232e-07
2.708472314876584619e+01 1.119835243211108472e-02 9.877784967067366750e-01 1.009863045839843156e-03 1.234656096096064921e-05 9.412543557675419852e-07
2.721814543028686018e+01 3.849665940771764255e-03 9.950403522341928486e-01 1.103627673487478280e-03 5.954102718445213433e-06 4.000488334763140365e-07
2.735156771180787416e+01 5.975052082059902070e-03 9.934110345550364318e-01 6.020530067104661303e-04 1.112244043680067923e-05 7.379157602788652206e-07
2.748498999332888815e+01 9.936472544562121104e-03 9.886213609979178640e-01 1.433929471900189517e-03 7.459184683123677088e-06 7.778009406364796265e-07
2.761841227484990213e+01 1.512659196756439449e-03 9.981413595411944284e-01 3.391886902403315040e-04 6.398391862533643390e-06 3.941799491193713212e-07
2.775183455637091612e+01 1.093189224450322357e-02 9.875311334322707246e-01 1.529344803145754952e-03 6.620222552695682788e-06 1.009297531025076896e-06
2.788525683789193010e+01 4.382418673526126268e-03 9.952647186993075490e-01 3.505773364692642627e-04 1.981585019564651838e-06 3.037056811443072702e-07
2.801867911941294409e+01 5.386559889744228780e-03 9.932578823092477194e-01 1.346726088702040417e-03 7.976495610532453116e-06 8.552166994871967225e-07
2.815210140093395808e+01 1.034195450492888385e-02 9.890239255938834129e-01 6.323066053979882646e-04 1.185283723401587044e-06 6.280120702723654705e-07
2.828552368245497206e+01 1.461660780574000878e-03 9.975667701764765471e-01 9.598199571333663723e-04 1.127702897773932187e-05 4.720568427321749477e-07
2.841894596397598605e+01 1.061290672408414341e-02 9.883370899360545137e-01 1.044825403361974124e-03 4.130200145866916902e-06 1.047736357858631161e-06
2.855236824549700003e+01 4.931155136929361513e-03 9.945150702070693072e-01 5.400322098933256704e-04 1.346490621281579661e-05 2.775398999098538736e-07
2.868579052701801402e+01 4.815076159916829510e-03 9.937921683878793155e-01 1.385798335675218458e-03 5.877526708929046017e-06 1.079589824690348096e-06
2.881921280853902800e+01 1.068542364196868426e-02 9.890221658678352012e-01 2.806511596639704471e-04 1.123120981622375494e-05 5.281207211977822611e-07
2.895263509006004199e+01 1.481216909253048764e-03 9.970270591468296528e-01 1.485445415881996327e-03 5.611542773997073420e-06 6.669852661993587849e-07
2.908605737158105597e+01 1.025273534027482808e-02 9.894401938692796161e-01 3.012641875317831602e-04 4.820576078505872532e-06 9.860268398664478066e-07
2.921947965310206996e+01 5.505217074861347773e-03 9.931928683300967897e-01 1.295870499962890714e-03 5.732609835037866783e-06 3.114852492738930959e-07
2.935290193462308395e+01 4.285345353615474008e-03 9.951186908789573238e-01 5.937849558481339118e-04 1.027520471588865504e-06 1.151291113236623467e-06
2.948632421614409793e+01 1.097086574347068064e-02 9.881048795254767647e-01 9.144917548666110828e-04 9.267621129261635659e-06 4.953550625254773144e-07
2.961974649766511192e+01 1.580371945134253315e-03 9.973978046075460124e-01 1.019261123801223435e-03 1.740232477315909036e-06 8.220910472108750571e-07
2.975316877918612590e+01 9.848343909734219234e-03 9.896153581233421148e-01 5.209356321729428311e-04 1.432926970320051056e-05 1.033065053328426517e-06
2.988659106070713989e+01 6.108599130342303937e-03 9.925170219504477753e-01 1.369977879075398282e-03 4.032711474477409220e-06 3.683286661397496846e-07
3.002001334222815387e+01 3.807400199448324023e-03 9.958850620538808318e-01 2.922730159561707499e-04 1.399279381608688494e-05 1.271936904584282148e-06
3.015343562374916786e+01 1.121041276212460247e-02 9.873018728100573238e-01 1.482893363393884096e-03 4.493138332687821189e-06 3.279260982364915782e-07
3.028685790527018185e+01 1.760738940686223334e-03 9.978951598752376917e-01 3.344042207571696029e-04 8.788794425067663563e-06 9.081689007418758107e-07
3.042028018679119583e+01 9.410280526102926882e-03 9.892648336990929048e-01 1.319872697988842001e-03 4.262154085445264707e-06 7.509227369001590411e-07
3.055370246831220982e+01 6.730381650630424227e-03 9.926325474354292799e-01 6.334390096495260422e-04 3.245079262478032375e-06 3.868250354920360582e-07
3.068712474983322380e+01 3.382964572221861498e-03 9.956378256826238227e-01 9.704471048963609530e-04 7.625204151021437329e-06 1.137436114578272607e-06
3.082054703135423779e+01 1.141060901489831039e-02 9.875293012329598996e-01 1.058472815442279428e-03 1.286491732762212084e-06 3.304449740013045667e-07
3.095396931287525177e+01 2.018566852133116523e-03 9.973638621274819593e-01 6.039576039441090427e-04 1.258494682012796847e-05 1.028469627953928949e-06
3.108739159439626576e+01 8.951505399856977616e-03 9.896214667466044501e-01 1.423778733009613403e-03 2.488286448576363498e-06 7.608340874290126256e-07
3.122081387591727974e+01 7.347957203961806225e-03 9.922431583620640039e-01 3.929921618532036310e-04 1.532857528999622649e-05 5.636968387585263321e-07
3.135423615743829373e+01 3.012832912564815824e-03 9.954140370905556479e-01 1.569236159305559307e-03 2.775412040539317932e-06 1.118425540664418002e-06
3.148765843895930772e+01 1.155063862901241183e-02 9.880006992200259797e-01 4.355529303356129298e-04 1.283240865146540764e-05 2.768119820045482939e-07
3.162108072048032170e+01 2.346105401952963340e-03 9.962171589208782541e-01 1.433015837761381257e-03 2.740714163051975737e-06 9.791252518450982033e-07
3.175450300200133569e+01 8.478326593967858843e-03 9.907933541921390974e-01 7.206954363257544278e-04 7.177722144969724586e-06 4.460554291396599577e-07
3.188792528352234967e+01 7.948613400695789255e-03 9.909540477361230559e-01 1.092427055195225758e-03 4.372840304871702323e-06 5.389676882005303310e-07
3.202134756504336366e+01 2.697825491484356301e-03 9.961598882241371467e-01 1.137492081021419972e-03 3.975939572849066139e-06 8.182637906557034577e-07
3.215476984656437764e+01 1.160832705723712811e-02 9.876598568704469949e-01 7.224899786207845476e-04 9.034087602895605372e-06 2.920060982759176068e-07
3.228819212808539163e+01 2.731159230287593612e-03 9.957578719758601871e-01 1.506848678146532070e-03 3.163761335522446243e-06 9.563543772153308692e-07
3.242161440960640562e+01 7.974499056973305758e-03 9.915153802701504038e-01 4.960475457533804243e-04 1.361465646873612533e-05 4.584706610359563542e-07
3.255503669112741960e+01 8.524859620576129629e-03 9.898137495486321047e-01 1.657563867619243512e-03 3.079603838748129007e-06 7.473593402222786289e-07
3.268845897264843359e+01 2.431628147721886287e-03 9.970407199109367902e-01 5.129531372417137818e-04 1.389031672862132612e-05 8.084873777715543936e-07
3.282188125416944757e+01 1.157689624835704645e-02 9.868973304055049800e-01 1.523228764446872725e-03 2.105183145272396407e-06 4.393985531334880738e-07
3.295530353569046156e+01 3.154051372328315478e-03 9.960629840002213076e-01 7.708643370374264076e-04 1.111771003553003464e-05 9.825803845217097387e-07
3.308872581721147554e+01 7.430484752867116960e-03 9.913951967012857303e-01 1.172293691890612761e-03 1.674170608054969153e-06 3.506833554405746137e-07
3.322214809873248953e+01 9.066462380400762064e-03 9.897641903210956382e-01 1.161512370406744083e-03 6.993003988859923378e-06 8.419241152548660290e-07
3.335557038025350352e+01 2.205680093476104255e-03 9.970219517225917816e-01 7.674347443900561040e-04 4.362977370105239878e-06 5.704621786043131154e-07
3.348899266177451750e+01 1.146868407983221705e-02 9.870129229147525107e-01 1.513099177850007028e-03 4.762603742266979874e-06 5.312238298634701852e-07
3.362241494329553149e+01 3.600261943917734773e-03 9.958937421684066482e-01 4.959526528682137256e-04 9.140670720987726055e-06 9.025640934211634437e-07
3.375583722481654547e+01 6.852856277422421025e-03 9.914820234696798407e-01 1.660165126008424953e-03 4.600937872673883763e-06 3.541890242254918474e-07
3.388925950633755946e+01 9.551746452404676069e-03 9.899538193338868197e-01 4.797261252485049616e-04 1.367149392320315447e-05 1.036594544889945396e-06
3.402268178785857344e+01 2.019572714171836113e-03 9.964623837387028837e-01 1.513963970713445070e-03 3.577923042486314249e-06 5.016533774599964521e-07
3.415610406937958743e+01 1.128865237104754830e-02 9.879783039447922466e-01 7.189557926426260858e-04 1.327435036978872423e-05 8.135411566605153681e-07
3.428952635090060141e+01 4.067972562076084021e-03 9.948011466504568245e-01 1.128152263243871467e-03 1.857575639310055190e-06 8.709485921404844126e-07
3.442294863242161540e+01 6.267114737606828759e-03 9.926211014096879559e-01 1.102325737487877978e-03 8.988824281941364157e-06 4.692909440096295721e-07
3.455637091394262939e+01 9.975063589072064724e-03 9.893339739275885947e-01 6.884597106940789886e-04 1.400001538692775764e-06 1.102771114856319061e-06
3.468979319546364337e+01 1.884515738573801745e-03 9.966623344754295122e-01 1.446838083844909301e-03 5.880497565653011815e-06 4.312045947599865859e-07
3.482321547698465736e+01 1.103685858816224816e-02 9.885550903517424937e-01 4.015895946445803143e-04 5.534594322366141709e-06 9.268711369940809164e-07
3.495663775850567134e+01 4.567216944527829892e-03 9.938530230476213534e-01 1.573749565704324685e-03 5.189122270942605054e-06 8.213198836233675424e-07
3.509006004002668533e+01 5.690878472327233657e-03 9.939076455718054426e-01 3.894633919872449038e-04 1.149092663596833539e-05 5.216372527068256368e-07
3.522348232154769931e+01 1.034859123108005687e-02 9.882337765006468100e-01 1.410674948665734509e-03 5.738277172003429174e-06 1.219042444083297975e-06
3.535690460306871330e+01 1.815285982790633846e-03 9.975267043429612013e-01 6.438456296432757634e-04 1.379918684381101518e-05 3.648577698637936709e-07
