0.000000000000000000e+00 0.000000000000000000e+00 1.000000000000000000e+00 0.000000000000000000e+00 0.000000000000000000e+00 0.000000000000000000e+00
2.001334222815210062e-01 1.042675167631729703e-02 9.884383353903761771e-01 1.122163469918122667e-03 1.264318311760115282e-05 1.062802703155398199e-07
4.002668445630420124e-01 3.577029649282296563e-03 9.957570901452240664e-01 6.578804067357594491e-04 7.326367966471286496e-06 6.734307920411946832e-07
6.004002668445630464e-01 4.547119244945589493e-03 9.952250160703877135e-01 2.180616923547543367e-04 8.825599152253202855e-06 9.773931604247532680e-07
8.005336891260840249e-01 9.794026482278523488e-03 9.888879374008558987e-01 1.307467988553667835e-03 1.001606152434431497e-05 5.520667888840074059e-07
1.000667111407605114e+00 1.383042031971239041e-04 9.996855537790663160e-01 1.756411321864533059e-04 1.991104322771644993e-07 3.017751194204943351e-07
1.200800533689126093e+00 1.091878153627918145e-02 9.883644470611909760e-01 7.010656096496154692e-04 1.561154953698970851e-05 9.424334525127090737e-08
1.400933955970647071e+00 2.722455475948869219e-03 9.961653690103507985e-01 1.106792822818876290e-03 5.274503060957824590e-06 1.081878223709693076e-07
1.601067378252168050e+00 5.566149112626768425e-03 9.944105396042750566e-01 1.337671093625874997e-05 9.387373555303562211e-06 5.471986085924983382e-07
1.801200800533689028e+00 9.049667559425897054e-03 9.897809958563391630e-01 1.160329130101274463e-03 8.378036446110891379e-06 6.294176893374136309e-07
2.001334222815210229e+00 4.482164130783682023e-04 9.989473478284038865e-01 6.029331905678256753e-04 7.994042122868727521e-07 7.031637390280149417e-07
2.201467645096731207e+00 1.124697414552733310e-02 9.884731801520326711e-01 2.611971796611533181e-04 1.799879857212025481e-05 6.497242081265100238e-07
2.401601067378252186e+00 1.969396633355870781e-03 9.966937732555904983e-01 1.333437746421306741e-03 3.246724497998180900e-06 1.456401358002878318e-07
2.601734489659773164e+00 6.580739267930224394e-03 9.932653607755419500e-01 1.447213767004862058e-04 9.127609491083102706e-06 5.097033701293269494e-08
2.801867911941294143e+00 8.212329474366427198e-03 9.910214584857550690e-01 7.580669379836902332e-04 7.932081433353578369e-06 2.130204623171854559e-07
3.002001334222815121e+00 9.206822561089553648e-04 9.980105024631015231e-01 1.066402576665783633e-03 1.868611007843853822e-06 5.440931159493359130e-07
3.202134756504336099e+00 1.140115355873900366e-02 9.885489792015978994e-01 2.988570315118683864e-05 1.900706252959629384e-05 9.744739826179122379e-07
3.402268178785857078e+00 1.341111819916767376e-03 9.974320734764591245e-01 1.224423067590075121e-03 1.711389854482984619e-06 6.802461786496211978e-07
3.602401601067378056e+00 7.561833644926720110e-03 9.918836995792853495e-01 5.457557511242663905e-04 8.511344839823522553e-06 1.996798228010679779e-07
3.802535023348899035e+00 7.307790185528658181e-03 9.923740081063410212e-01 3.098331118820089468e-04 8.338050476445765674e-06 3.054577065534021339e-08
4.002668445630420457e+00 1.540831116277879571e-03 9.971242560613102768e-01 1.331421135419682579e-03 3.394776334132395066e-06 9.691065668937638188e-08
4.202801867911941436e+00 1.137832963237306837e-02 9.884731611620151126e-01 1.297177041693585160e-04 1.820773038177737397e-05 5.837710594339032902e-07
4.402935290193462414e+00 8.568490546619801510e-04 9.983035076931220386e-01 8.379856209398803182e-04 8.200346365218307941e-07 8.375966380826135748e-07
4.603068712474983393e+00 8.480909611369371812e-03 9.904985003241832953e-01 1.011703496485278318e-03 8.234210562319653148e-06 6.523573984234074552e-07
4.803202134756504371e+00 6.364748499319587347e-03 9.935742463056804752e-01 5.163362334294478473e-05 8.934671813963657855e-06 4.368998414853002283e-07
5.003335557038025350e+00 2.288660451434200872e-03 9.964420748681240836e-01 1.263807513536873870e-03 5.335033405305171259e-06 1.221334981873210244e-07
5.203468979319546328e+00 1.118126218376357985e-02 9.882897215824103521e-01 5.130295265893976536e-04 1.590904020694163383e-05 7.766702901148490903e-08
5.403602401601067307e+00 5.322871249851370348e-04 9.990898904895453292e-01 3.769845275695069822e-04 4.662142925205570104e-07 3.716436067866079090e-07
5.603735823882588285e+00 9.310761874705185751e-03 9.893767075587799331e-01 1.303036449703653911e-03 8.865220323144005319e-06 6.288964868773277009e-07
5.803869246164109263e+00 5.412985889160689887e-03 9.944532977892927006e-01 1.238476093794288165e-04 9.044207636028867638e-06 8.245045293879934163e-07
6.004002668445630242e+00 3.141166630795135667e-03 9.959492170234186537e-01 9.017289238319544818e-04 7.257192475431714556e-06 6.302294771704412482e-07
6.204136090727151220e+00 1.081807469840159741e-02 9.881854448155176218e-01 9.833749375120421406e-04 1.291875947046296833e-05 1.867890969187736965e-07
6.404269513008672199e+00 3.777915650010366675e-04 9.995364348148549904e-01 8.534770687987633722e-05 3.913398294982246976e-07 3.457343266548291630e-08
6.604402935290193177e+00 1.002749892486191202e-02 9.886914688300519893e-01 1.270213840810171559e-03 1.064011798290152109e-05 1.782862919887446125e-07
6.804536357571714156e+00 4.481242151268415193e-03 9.950153848320664185e-01 4.944428142736670417e-04 8.331633946681620212e-06 5.985684437723837838e-07
7.004669779853235134e+00 4.072286118873153123e-03 9.954804135052472969e-01 4.377537564049083078e-04 8.693097180187765369e-06 8.535222931028043247e-07
7.204803202134756113e+00 1.030305048419224989e-02 9.883890000782675767e-01 1.297099100731186755e-03 1.019792911529350884e-05 6.524076930136514704e-07
7.404936624416277091e+00 3.958220170004669988e-04 9.994846394018865876e-01 1.187413416112487495e-04 4.442612132961370007e-07 3.529782880425177305e-07
7.605070046697798070e+00 1.061184129719632344e-02 9.884403861673398684e-01 9.344023213579280909e-04 1.329154791669923194e-05 7.866618876027504656e-08
7.805203468979319048e+00 3.597716688795913904e-03 9.954219371852864873e-01 9.733514005622936329e-04 6.873270865195299108e-06 1.214544898773731882e-07
8.005336891260840915e+00 5.051560775109835769e-03 9.948215785800342825e-01 1.171760018595500075e-04 9.227415770774972657e-06 4.572272259644090730e-07
8.205470313542361893e+00 9.657832609891930237e-03 9.890394935610683502e-01 1.293590559895554677e-03 8.397427401669245003e-06 6.858417427657991773e-07
8.405603735823882872e+00 5.814732169035730048e-04 9.989561801983222189e-01 4.609281605976797832e-04 6.132783964138200653e-07 8.051457799043285532e-07
8.605737158105403850e+00 1.104747017902306221e-02 9.884593915199751946e-01 4.765328657133190626e-04 1.604177675071280282e-05 5.636585376540186426e-07
8.805870580386924829e+00 2.792045819649780717e-03 9.958890979992376380e-01 1.313609367285877147e-03 5.115195341751177298e-06 1.316184841160208985e-07
9.006004002668445807e+00 6.044281844696459786e-03 9.938399377167598248e-01 1.068076800698650284e-04 8.909313324753406191e-06 6.344514862767738494e-08
9.206137424949966785e+00 8.908660386321574226e-03 9.901023854463999463e-01 9.809409316217823464e-04 7.773290089180189018e-06 2.399455673949868565e-07
9.406270847231487764e+00 9.264453858982233401e-04 9.981386300554501156e-01 9.331584952370292410e-04 1.096765221306522558e-06 6.692981939939501775e-07
9.606404269513008742e+00 1.131929491145455303e-02 9.885219889742244970e-01 1.398115367071059434e-04 1.797658885805991741e-05 9.279887559244663934e-07
9.806537691794529721e+00 2.094896306236006776e-03 9.965570707174941090e-01 1.344060558559466477e-03 3.392215235376289514e-06 5.802024754978278906e-07
1.000667111407605070e+01 7.016240732131223679e-03 9.925676987410124719e-01 4.076258249297168767e-04 8.177035861633310631e-06 2.576660649101319451e-07
1.020680453635757168e+01 8.081547570048001547e-03 9.913798441059848976e-01 5.304790264514676855e-04 8.045213155508971971e-06 8.408436049928825195e-08
1.040693795863909266e+01 1.422782648830482220e-03 9.972832782448715072e-01 1.291666096510319609e-03 2.098803190220877451e-06 1.742065972738315773e-07
1.060707138092061363e+01 1.141536001744967652e-02 9.884661924381301645e-01 9.940613814330132622e-05 1.841232287086236598e-05 6.290834053313306842e-07
1.080720480320213461e+01 1.532519316622062101e-03 9.974059273811964887e-01 1.058852479679544449e-03 1.971359142920922705e-06 7.294633577306808189e-07
1.100733822548365559e+01 7.939855714991428046e-03 9.911932733690163033e-01 8.585097783996664764e-04 7.687059134864293621e-06 6.740784565976664698e-07
1.120747164776517657e+01 7.198934122043219863e-03 9.926093316029785951e-01 1.825011343137643814e-04 8.682636569090201048e-06 5.505040938987915148e-07
1.140760507004669755e+01 2.060702504087775621e-03 9.965778318294294946e-01 1.357611347543276814e-03 3.710477894262586937e-06 1.438410437538198512e-07
1.160773849232821853e+01 1.133296749856037809e-02 9.882771497604402322e-01 3.725509191338243105e-04 1.719921603232319742e-05 1.326058314858034240e-07
1.180787191460973951e+01 1.120703092779977731e-03 9.982623436592167332e-01 6.156644328825142641e-04 9.457171566788868296e-07 3.430979624379047185e-07
1.200800533689126048e+01 8.795566428221416114e-03 9.899700416614034548e-01 1.225766553319141902e-03 8.016881691428218385e-06 6.084753621690470938e-07
1.220813875917278146e+01 6.283274170609584770e-03 9.935872895206399047e-01 1.195000567693106110e-04 8.970471027814450087e-06 9.657809518155334514e-07
1.240827218145430244e+01 2.822439127677440172e-03 9.960640550098363022e-01 1.107169424065971219e-03 5.661124352231417160e-06 6.753140666019729839e-07
1.260840560373582342e+01 1.108222658597498786e-02 9.880877800117878751e-01 8.150542096274903401e-04 1.476585580281248324e-05 1.733368064333070065e-07
1.280853902601734440e+01 8.646653372161776461e-04 9.988862055324567724e-01 2.487211489446227819e-04 3.473709799792084391e-07 6.061040234533604781e-08
1.300867244829886538e+01 9.565988897608162372e-03 9.890990624359905503e-01 1.325234122633775968e-03 9.537306974016437769e-06 1.772367935822780337e-07
1.320880587058038635e+01 5.361971784166276282e-03 9.942549750568517863e-01 3.738893350415466686e-04 8.460782276155120565e-06 7.030416652614234104e-07
1.340893929286190733e+01 3.679326219400138372e-03 9.956346437875928101e-01 6.775528391937077908e-04 7.509675245216635617e-06 9.674785697493502777e-07
1.360907271514342831e+01 1.068281238435079238e-02 9.881038542997778729e-01 1.200867400060641726e-03 1.186158701266031128e-05 6.043287993374005894e-07
1.380920613742494929e+01 7.646753734047553918e-04 9.990878687661812751e-01 1.469513467257427990e-04 1.591708479304499337e-07 3.453428415720694061e-07
1.400933955970647027e+01 1.022990788518717692e-02 9.886439011574894575e-01 1.113972995647510584e-03 1.207268274207826661e-05 1.452789353773564760e-07
1.420947298198799125e+01 4.469128696423177102e-03 9.947068492770693160e-01 8.167781968282110568e-04 7.062622151130312984e-06 1.812075295085729571e-07
1.440960640426951223e+01 4.595952631047789047e-03 9.951031219818676776e-01 2.915894686004253658e-04 8.749215355073440220e-06 5.867031302428314861e-07
1.460973982655103320e+01 1.015575020016349153e-02 9.884955960649993711e-01 1.338627479918821700e-03 9.345614766325283868e-06 6.806401537790368062e-07
1.480987324883255418e+01 8.224489552121571311e-04 9.988151544286522077e-01 3.613451603844461250e-04 3.252529359008068174e-07 7.262028175615224722e-07
1.501000667111407516e+01 1.076162723132143353e-02 9.885162868798567093e-01 7.064098695054485096e-04 1.501305968531757940e-05 6.629596340003353699e-07
1.521014009339559614e+01 3.639645517000024769e-03 9.951276032428461038e-01 1.227385996335608308e-03 5.149721538176528442e-06 2.155222828337604503e-07
1.541027351567711712e+01 5.539267018982460197e-03 9.943069312930579162e-01 1.445265447374504515e-04 9.139807524817247789e-06 1.353357001296426397e-07
1.561040693795863810e+01 9.517915839376408713e-03 9.893078399809490664e-01 1.166088278926078001e-03 7.865713612254896528e-06 2.901871389369827383e-07
1.581054036024015907e+01 1.040610783540712103e-03 9.981741996197319722e-01 7.837466076485277277e-04 8.641676403769601056e-07 5.788214410261586310e-07
1.601067378252168183e+01 1.113892015602266881e-02 9.885283398619542083e-01 3.144264216497489445e-04 1.733566929355746816e-05 9.778910824275045540e-07
1.621080720480320281e+01 2.902284822618339099e-03 9.956888363097678996e-01 1.404930936664148568e-03 3.222045848312425670e-06 7.258851040804696897e-07
1.641094062708472379e+01 6.482916855328400146e-03 9.931992397136951700e-01 3.087798128584022441e-04 8.783775944322069515e-06 2.798421770957602037e-07
1.661107404936624476e+01 8.784830787513301514e-03 9.904281778436629935e-01 7.793258051731220609e-04 7.550611454643906413e-06 1.149521996818820398e-07
1.681120747164776574e+01 1.417188736951188223e-03 9.973774766112952772e-01 1.203244779361595891e-03 1.930655802147102064e-06 1.592165940899777145e-07
1.701134089392928672e+01 1.134941530224063688e-02 9.884910974119616167e-01 1.406747246263503805e-04 1.819051555004148389e-05 6.220456256408798979e-07
1.721147431621080770e+01 2.277968837970407480e-03 9.964511577240612317e-01 1.268245016169150530e-03 1.744211748199477120e-06 8.842100554784277027e-07
1.741160773849232868e+01 7.404816164755966511e-03 9.918861343428153621e-01 7.001768511164548200e-04 8.163074621257924900e-06 7.095666951956207197e-07
1.761174116077384966e+01 7.975914072158404866e-03 9.916316404221677816e-01 3.839230418545556728e-04 8.033524634615645180e-06 4.889391887374018455e-07
1.781187458305537064e+01 1.941975024334462478e-03 9.966421946190653358e-01 1.412076252548666831e-03 3.558136686254968947e-06 1.959673692653361799e-07
1.801200800533689161e+01 1.139152382403055275e-02 9.883133479058058279e-01 2.777279672644859202e-04 1.724646678556602814e-05 1.538361175087016270e-07
1.821214142761841259e+01 1.782880162282423969e-03 9.973197577377409528e-01 8.960565709860852371e-04 8.593522442339142526e-07 4.461767504938823646e-07
1.841227484989993357e+01 8.282465939087730461e-03 9.905887148650430740e-01 1.120195485525517188e-03 7.934802955384796539e-06 6.889073932306214609e-07
1.861240827218145455e+01 7.116735014450159720e-03 9.926817630504883860e-01 1.920894799406939546e-04 8.572991951945905452e-06 8.394631732479523747e-07
1.881254169446297553e+01 2.597516100687083038e-03 9.960868701194652841e-01 1.309352229242524007e-03 5.568953278147369003e-06 6.925973318150620072e-07
1.901267511674449651e+01 1.126961280943495139e-02 9.880550785519034429e-01 6.601518643936722967e-04 1.487790451947384577e-05 2.788697535575472208e-07
1.921280853902601748e+01 1.431044568940092977e-03 9.980804416545312474e-01 4.878855494869512423e-04 5.157950026960447465e-07 1.124320441140269646e-07
1.941294196130753846e+01 9.091857741759384881e-03 9.895439252775058980e-01 1.355249318868700101e-03 8.705325178508186698e-06 2.623366929202786618e-07
1.961307538358905944e+01 6.234743600610552668e-03 9.934426955456053809e-01 3.133742197285470962e-04 8.566934056910219871e-06 6.197000033591080698e-07
1.981320880587058042e+01 3.362914849732960045e-03 9.956753881233463277e-01 9.533352437459153032e-04 7.457363067498361916e-06 9.044201123149804023e-07
2.001334222815210140e+01 1.099164492367789292e-02 9.878998741825372187e-01 1.095828011671370764e-03 1.190631794098862478e-05 7.465641769090196030e-07
2.021347565043362238e+01 1.231386418605956001e-03 9.985051517723310122e-01 2.625863855410753931e-04 4.823326017638763517e-07 3.930909245915074574e-07
2.041360907271514336e+01 9.811144105525007944e-03 9.888915606369506062e-01 1.286562115391802659e-03 1.058017581185320651e-05 1.529663255892979299e-07
2.061374249499666433e+01 5.356184813860146755e-03 9.939403703251370459e-01 6.954450137419860038e-04 7.811317109777673003e-06 1.885301559314910404e-07
2.081387591727818531e+01 4.212855314744194841e-03 9.952455430722448870e-01 5.323801303368083443e-04 8.695732598440576041e-06 5.257500813934089875e-07
2.101400933955970629e+01 1.057157965910608503e-02 9.880544776132971219e-01 1.363888829446155155e-03 9.266282280656490134e-06 7.876158748319255550e-07
2.121414276184122727e+01 1.184288115479099728e-03 9.984702014571336104e-01 3.440754600117349772e-04 6.239158937990309769e-07 8.110514860798751445e-07
2.141427618412274825e+01 1.042109304211968901e-02 9.886118098032248280e-01 9.533386505678777528e-04 1.318307500691282306e-05 5.754290848982141430e-07
2.161440960640426923e+01 4.508591559410871086e-03 9.943356738351648572e-01 1.149038976710432597e-03 6.465074832224437810e-06 2.305538858494549792e-07
2.181454302868579020e+01 5.114881530137291646e-03 9.946083915112622353e-01 2.675280328652681282e-04 9.036915204624831137e-06 1.620105345241359254e-07
2.201467645096731118e+01 1.003112085536997031e-02 9.886295245645740914e-01 1.331410442156399270e-03 7.589288596694368859e-06 3.548493066093233166e-07
2.221480987324883216e+01 1.284515405652391848e-03 9.980188698302796535e-01 6.949992107598807574e-04 9.234653802866147931e-07 6.920879317381744543e-07
2.241494329553035314e+01 1.090179806783696422e-02 9.885475450711752599e-01 5.341023237116640857e-04 1.566753264808609685e-05 8.870046310353619370e-07
2.261507671781187412e+01 3.725199262122002274e-03 9.948220503692680738e-01 1.447224733774957021e-03 4.859773458653568614e-06 6.658613790017649331e-07
2.281521014009339510e+01 6.031008740010035049e-03 9.936639475754670547e-01 2.960895344243364672e-04 8.586010076067510390e-06 3.681400250952259828e-07
2.301534356237491608e+01 9.394824578174148719e-03 9.895727665164049114e-01 1.025117477882659094e-03 7.115122326027968772e-06 1.763052146350987640e-07
2.321547698465643705e+01 1.529152258014977641e-03 9.973329243709261327e-01 1.136100979753106250e-03 1.576891801029129571e-06 2.454995071936760749e-07
2.341561040693795803e+01 1.122997645805011262e-02 9.885000673686565875e-01 2.521121126776581936e-04 1.723203587602122289e-05 6.120247413780196767e-07
2.361574382921947901e+01 3.042755683850609672e-03 9.955066141798770696e-01 1.446533847201615132e-03 3.302350031475921165e-06 7.939390409424700412e-07
2.381587725150099999e+01 6.927263720874388304e-03 9.924643607175649418e-01 5.998076913795158654e-04 7.786350597337499371e-06 7.815195849698032253e-07
2.401601067378252097e+01 8.681470908843932563e-03 9.906928147669462614e-01 6.175851151483094294e-04 7.547111534496767711e-06 5.820975282678929472e-07
2.421614409606404195e+01 1.922087870433572716e-03 9.966322985533279111e-01 1.442692341718828774e-03 2.704111841677108126e-06 2.171226787700868345e-07
2.441627751834556292e+01 1.138497296887874301e-02 9.883408555239191484e-01 2.566174957691021489e-04 1.736299714059840404e-05 1.910142932370534164e-07
2.461641094062708390e+01 2.490079252439535498e-03 9.963452034958361070e-01 1.162296952812060967e-03 2.001244410923965087e-06 4.190545021055174976e-07
2.481654436290860488e+01 7.783983310518298102e-03 9.911912963823455991e-01 1.016744185046307468e-03 7.253466559120110561e-06 7.226555317786018192e-07
2.501667778519012586e+01 7.901303502279804700e-03 9.917558863511736211e-01 3.335620525581301323e-04 8.283073986548445173e-06 9.650200036698625655e-07
2.521681120747164684e+01 2.465824995426548188e-03 9.960653496006460772e-01 1.463822094368840473e-03 4.308241287601400222e-06 6.950682724323935060e-07
2.541694462975316782e+01 1.136120920245297858e-02 9.880773492826637749e-01 5.451525193863235828e-04 1.601217300190602242e-05 2.768224967174376622e-07
2.561707805203468880e+01 2.077228478740851189e-03 9.971645725109322678e-01 7.569124981473105036e-04 1.133865882218783917e-06 1.526462991595766151e-07
2.581721147431620977e+01 8.594760035493488257e-03 9.900675588976952657e-01 1.329801844607348066e-03 7.580992010598568064e-06 2.982301956116488013e-07
2.601734489659773075e+01 7.065450008637391179e-03 9.925952457932452067e-01 3.299385103894287978e-04 8.628896688394000272e-06 7.367910422971095018e-07
2.621747831887925173e+01 3.147067341927552598e-03 9.956469944134733741e-01 1.198884316619104736e-03 6.092925322461925914e-06 9.610026603723572753e-07
2.641761174116077271e+01 1.117506246157487677e-02 9.878420102764816635e-01 9.686504004027387876e-04 1.357177456528620754e-05 7.050869780388508789e-07
2.661774516344229369e+01 1.797697959647592521e-03 9.977506947358234513e-01 4.505157859434877734e-04 6.655641074204344989e-07 4.259544810578160088e-07
2.681787858572381467e+01 9.352372416375858560e-03 9.892573233073089778e-01 1.380956728365864391e-03 9.118094173412040799e-06 2.294537789857478271e-07
2.701801200800533564e+01 6.198823740412107500e-03 9.931776428633271037e-01 6.151011311962658245e-04 8.161706890751402438e-06 2.705581762970976099e-07
2.721814543028685662e+01 3.930331505214810540e-03 9.952693207919786067e-01 7.920531025847345717e-04 7.672446768781589321e-06 6.221534560873691049e-07
2.741827885256837760e+01 1.085679745845839414e-02 9.878184886826543165e-01 1.313119138687246111e-03 1.081471788775638027e-05 7.800023154476124201e-07
2.761841227484989858e+01 1.642921230930624327e-03 9.979506951679412152e-01 4.050735073582224809e-04 5.177405955477262489e-07 7.923531776769239638e-07
2.781854569713141956e+01 1.003463606833626676e-02 9.888021924297722975e-01 1.150821013282231657e-03 1.166721165550721974e-05 6.832769573332572125e-07
2.801867911941294054e+01 5.343456144090662913e-03 9.935999175846806919e-01 1.049469548053856343e-03 6.845829083781118008e-06 3.108940948493191699e-07
2.821881254169446152e+01 4.768159192768181738e-03 9.947695958231345115e-01 4.533686323178804018e-04 8.647796336321180358e-06 2.285554477825212547e-07
2.841894596397598249e+01 1.043329917663565060e-02 9.881461384571066375e-01 1.411599518302806200e-03 8.558377148450985528e-06 4.044708113213812394e-07
2.861907938625750347e+01 1.616760022125687422e-03 9.977374965043269706e-01 6.444584459290127795e-04 6.277407009863949403e-07 6.572869230163327407e-07
2.881921280853902445e+01 1.060388458925100134e-02 9.886170478951903373e-01 7.636008045620304094e-04 1.448961081632720163e-05 9.771001857588050067e-07
2.901934623082054543e+01 4.546593404545996343e-03 9.940259800943239687e-01 1.421593330813637843e-03 5.041136624140736831e-06 7.920336975234522228e-07
2.921947965310206641e+01 5.620841481815844719e-03 9.940185908845566853e-01 3.513555769188400385e-04 8.825233463903834721e-06 3.868232508783541106e-07
2.941961307538358739e+01 9.915824358309701519e-03 9.888492828021460124e-01 1.227246202550751107e-03 7.423433066147112079e-06 2.232039329921259154e-07
2.961974649766510836e+01 1.735221244369757401e-03 9.972155474468545888e-01 1.047852837542472600e-03 1.117428511047518409e-06 2.610427269001359861e-07
2.981987991994662934e+01 1.102304009056774038e-02 9.885387116132909879e-01 4.209853763933458755e-04 1.660308019950341727e-05 6.598395532211722976e-07
3.002001334222815032e+01 3.843751753538893461e-03 9.945952654091934075e-01 1.556794979750931226e-03 3.238299531932834075e-06 9.495579898207530601e-07
3.022014676450967130e+01 6.467805494273799055e-03 9.929913949658286665e-01 5.316622533155836985e-04 8.332588453918994323e-06 8.046981329668729679e-07
3.042028018679119228e+01 9.304928511388666293e-03 9.898178867730962338e-01 8.692522380975543049e-04 7.375093483160971930e-06 5.573839400794600855e-07
3.062041360907271326e+01 2.012864993426211144e-03 9.965700944088358160e-01 1.414563600021334893e-03 2.185497123064827159e-06 2.915005997438881425e-07
3.082054703135423424e+01 1.127255355887318150e-02 9.884098595280380595e-01 3.001285212250649911e-04 1.721199425823416972e-05 2.463976112103580373e-07
3.102068045363575521e+01 3.251770051922631306e-03 9.953426835017061824e-01 1.403142819129872239e-03 1.862236186039934123e-06 5.413910613181378359e-07
3.122081387591727619e+01 7.302363240543874832e-03 9.917910165044238058e-01 8.981163124890025745e-04 7.709186814133170147e-06 7.947557354401293751e-07
3.142094729819879717e+01 8.604368700791266422e-03 9.908515469032238565e-01 5.352892007163176889e-04 7.917771503638566590e-06 8.774237714082167282e-07
3.162108072048031815e+01 2.449290468319571291e-03 9.959806878812781372e-01 1.565411991858867667e-03 3.851911204111911588e-06 7.577473463698445222e-07
3.182121414276183913e+01 1.135486132899233072e-02 9.881623382420767765e-01 4.662879133303078844e-04 1.611667784897999965e-05 3.958377584118399619e-07
3.202134756504336366e+01 2.774796429868680962e-03 9.961691001372759979e-01 1.054808662194576478e-03 1.073189728487907239e-06 2.215809388101378770e-07
3.222148098732488108e+01 8.117852914682721979e-03 9.906113441414924337e-01 1.262787031377115990e-03 7.625625652866876999e-06 3.902868012034679801e-07
3.242161440960640562e+01 7.831449574373204256e-03 9.917480238180592655e-01 4.115126514654308086e-04 8.342658990097119392e-06 6.712971185760043843e-07
3.262174783188792304e+01 3.026248378869094129e-03 9.955363510379291458e-01 1.430656783050133401e-03 5.786636679125772075e-06 9.571634794204149532e-07
3.282188125416944757e+01 1.128537501454824482e-02 9.878595690288521913e-01 8.404656965670745123e-04 1.372244765963848442e-05 8.678123788330827218e-07
3.302201467645096500e+01 2.414726726369625757e-03 9.968806705274063651e-01 7.033400590031708369e-04 7.841228969394092815e-07 4.785643302871677295e-07
3.322214809873248953e+01 8.897873000697744533e-03 9.896535746530007449e-01 1.439674864466026702e-03 8.610669744729419810e-06 2.668120967444840163e-07
3.342228152101400696e+01 7.014990713116957440e-03 9.923990621636975540e-01 5.774728810903745867e-04 8.190220128140599120e-06 2.840219730333876914e-07
3.362241494329553149e+01 3.714703309853603901e-03 9.951933269278100402e-01 1.083866325387439385e-03 7.507471369450554104e-06 5.959655854249064359e-07
3.382254836557704891e+01 1.108147840950220696e-02 9.876682294958403219e-01 1.238507562907600976e-03 1.086372888841323649e-05 9.208028677096377022e-07
3.402268178785857344e+01 2.174916481605536529e-03 9.972832506296347432e-01 5.401698413390397351e-04 7.906258661766169760e-07 8.724215606283402309e-07
3.422281521014009087e+01 9.617948195240611300e-03 9.890315059932067721e-01 1.339316666400697112e-03 1.059867781618772182e-05 6.304673417074051208e-07
3.442294863242161540e+01 6.188306791910868666e-03 9.928398720040794156e-01 9.641014367381871503e-04 7.367665796002408757e-06 3.521014821752319119e-07
3.462308205470313283e+01 4.480891534110253288e-03 9.948056858405670555e-01 7.046210038604276043e-04 8.538309166822185720e-06 2.633123021978248948e-07
3.482321547698465736e+01 1.075961901527965232e-02 9.877670627128918301e-01 1.464392997826475867e-03 8.431915286332034666e-06 4.933587230462628139e-07
3.502334889926617478e+01 2.058583774815638846e-03 9.972814455387479793e-01 6.582171996951256734e-04 9.826493138660348317e-07 7.708374347100184281e-07
3.522348232154769931e+01 1.024956799374937381e-02 9.887210813766826867e-01 1.015400519587643813e-03 1.305580349556985759e-05 8.943064926424550078e-07
3.542361574382921674e+01 5.386465667622166754e-03 9.932189145048063716e-01 1.387779832496019395e-03 6.063305510569914168e-06 7.766895732944798862e-07
3.562374916611074127e+01 5.288757019168708121e-03 9.942147027245485935e-01 4.873197856409088838e-04 8.735152118077379825e-06 4.853185311771591899e-07
3.582388258839225870e+01 1.033614283015922217e-02 9.882439180784775568e-01 1.412615472942832344e-03 7.038677831396379861e-06 2.849405962754621559e-07
3.602401601067378323e+01 2.069672777146099908e-03 9.969254567662609867e-01 1.003117612311191318e-03 1.392984632997581822e-06 3.598596562633533600e-07
3.622414943295530065e+01 1.076223889088195537e-02 9.885826548800369373e-01 6.392708240847736704e-04 1.519791777888828823e-05 6.374872246655686996e-07
3.642428285523682518e+01 4.647309467763196741e-03 9.937017741503159085e-01 1.645484910028437381e-03 4.541406449528193059e-06 8.900654501089375302e-07
3.662441627751834261e+01 6.103553381402899991e-03 9.933465084961473623e-01 5.408202300100585416e-04 8.215022001836879342e-06 9.028704448391771469e-07
3.682454969979986714e+01 9.824967765755546201e-03 9.890420629653575713e-01 1.125543194162372494e-03 6.797713010168758312e-06 6.283617201550375644e-07
3.702468312208138457e+01 2.217785670267756991e-03 9.963785192620674414e-01 1.401203381643029199e-03 2.168228890645750209e-06 3.234571372033627141e-07
3.722481654436290910e+01 1.112476125189127904e-02 9.884477538485459958e-01 4.108467739628968401e-04 1.635655278300088234e-05 2.815728225418793942e-07
3.742494996664442652e+01 4.007469781997000623e-03 9.943670168604034076e-01 1.621844155088745121e-03 3.144560067886040952e-06 5.246424490522645348e-07
3.762508338892595106e+01 6.900939851949562144e-03 9.922589832320301007e-01 8.318007138115172169e-04 7.414086057436090270e-06 8.621161573092387348e-07
3.782521681120746848e+01 9.231450897502288186e-03 9.899883818402313018e-01 7.718358521989861958e-04 7.356559095940061264e-06 9.748509772905893909e-07
3.802535023348899301e+01 2.518859706638770096e-03 9.958254590851235433e-01 1.651586774560453346e-03 3.353439780673141146e-06 7.409939032243801824e-07
3.822548365577051044e+01 1.131396918347845476e-02 9.882160429557608206e-01 4.534117986378846383e-04 1.616888271376056420e-05 4.071794154935078840e-07
3.842561707805203497e+01 3.489777725510808011e-03 9.951582630785887895e-01 1.349602496119378311e-03 2.079976339269622686e-06 2.767234487472213041e-07
3.862575050033355240e+01 7.675271689980674161e-03 9.911140539686129625e-01 1.203282088358884191e-03 6.940967413649327378e-06 4.512856403839199858e-07
3.882588392261507693e+01 8.553245473687900655e-03 9.908819743368133537e-01 5.559213683486014228e-04 8.078208121050071643e-06 7.806130362070961161e-07
3.902601734489659435e+01 2.982365643297133721e-03 9.953802997514781259e-01 1.631519497080661466e-03 4.850080595024455924e-06 9.650275560422587729e-07
3.922615076717811888e+01 1.132887370976656295e-02 9.879071301316753040e-01 7.485091799581815612e-04 1.465686988551472682e-05 8.301087218233538028e-07
3.942628418945963631e+01 3.092793752361185436e-03 9.959154679718765779e-01 9.897303767175719309e-04 1.460248539767748980e-06 5.476505118790919907e-07
3.962641761174116084e+01 8.433643336418746375e-03 9.900997273056155734e-01 1.458895796935451208e-03 7.380574297587925936e-06 3.529867405645197912e-07
3.982655103402267827e+01 7.794165986240760534e-03 9.915891001971703922e-01 6.079972886392706740e-04 8.366061787108316683e-06 3.704661702687870971e-07
4.002668445630420280e+01 3.592728115133599163e-03 9.950414520409490704e-01 1.358741347628459120e-03 6.425070408189857272e-06 6.534258883753129484e-07
4.022681787858572022e+01 1.119661906426348309e-02 9.876425788358903501e-01 1.147651486977107910e-03 1.225232690977834840e-05 8.982859667012653103e-07
4.042695130086724475e+01 2.797088173203640324e-03 9.964576604225969803e-01 7.431881206896756879e-04 1.156062878721455073e-06 9.072206373610783677e-07
4.062708472314876218e+01 9.175281886258867051e-03 9.893482147717425068e-01 1.466803954243535782e-03 8.955134047138272598e-06 7.442537141250202995e-07
4.082721814543028671e+01 6.981889586732943284e-03 9.920936726655070759e-01 9.161561977354525793e-04 7.863835633175181634e-06 4.177143974059326139e-07
4.102735156771180414e+01 4.302895255571494680e-03 9.947114453524575906e-01 9.776118714745452801e-04 7.735751668710587927e-06 3.117688337506282567e-07
4.122748498999332867e+01 1.095885712477900030e-02 9.875779905018080562e-01 1.452856683212846306e-03 9.765463231033823783e-06 5.302269748559705598e-07
4.142761841227484609e+01 2.588055901198362159e-03 9.966656858575516642e-01 7.444293887593961051e-04 1.037082465180491089e-06 7.917700315291389496e-07
4.162775183455637062e+01 9.871791420464334776e-03 9.888892761494681993e-01 1.226531793951162299e-03 1.139042724923772942e-05 1.010208873212253095e-06
4.182788525683788805e+01 6.170699730859273251e-03 9.924854702907419668e-01 1.336360615987872234e-03 6.602190911634667213e-06 8.671715051403545328e-07
4.202801867911941258e+01 5.052049803641792299e-03 9.942579527215332780e-01 6.810495540210658718e-04 8.463767543732906976e-06 4.841532663211107658e-07
4.222815210140093001e+01 1.064571736317852270e-02 9.878245133882869178e-01 1.521482205006927232e-03 7.950280343878738540e-06 3.367631903338951836e-07
4.242828552368245454e+01 2.476684486902549359e-03 9.965270375238390876e-01 9.947507210279144321e-04 1.114149475254381208e-06 4.131187626090583444e-07
4.262841894596397196e+01 1.046898884060955270e-02 9.886505248731360940e-01 8.658333194990158830e-04 1.392016523084291596e-05 7.328015319048554850e-07
4.282855236824549650e+01 5.422260160900124748e-03 9.929007758151899843e-01 1.671023453770076848e-03 4.919887959795004954e-06 1.020682187293088538e-06
4.302868579052701392e+01 5.796017439603869462e-03 9.935830571594082006e-01 6.115855345680640699e-04 8.445441826591441138e-06 8.944246004220883184e-07
4.322881921280853845e+01 1.025816788843285192e-02 9.883957303492686419e-01 1.338255350182128520e-03 7.217603651449723620e-06 6.288084715004295430e-07
4.342895263509005588e+01 2.498031002365220816e-03 9.961325644757652586e-01 1.367400787759779452e-03 1.583691216070987375e-06 4.200429006062845637e-07
4.362908605737158041e+01 1.091241697854757921e-02 9.884992306157495134e-01 5.722932635392673174e-04 1.568934987320161315e-05 3.697922974830853880e-07
4.382921947965309784e+01 4.777617540998094908e-03 9.934468759467200982e-01 1.771538445883261105e-03 3.317189437584508098e-06 6.508769686058265267e-07
4.402935290193462237e+01 6.525390162072689307e-03 9.926728253231636989e-01 7.930017246290287569e-04 7.879567213394053581e-06 9.032229284551528806e-07
4.422948632421613979e+01 9.775758811428336692e-03 9.891961746426575219e-01 1.019766998735651548e-03 7.376832982521763652e-06 9.227142034000791067e-07
4.442961974649766432e+01 2.687100418530715719e-03 9.956328007702925920e-01 1.676649132241754981e-03 2.612229593321683041e-06 8.374493491055764024e-07
4.462975316877918175e+01 1.117659356704449845e-02 9.883086815496028299e-01 4.981570917967621890e-04 1.603765152453057012e-05 5.301400379389871448e-07
4.482988659106070628e+01 4.244049121153015310e-03 9.941423831944234957e-01 1.611069717575034678e-03 2.141208019273350987e-06 3.567588357282464585e-07
4.503002001334222371e+01 7.256024258964633399e-03 9.916130384313847079e-01 1.123055299105643655e-03 7.348492789231799909e-06 5.335177625599529510e-07
4.523015343562374824e+01 9.182243342226874966e-03 9.900574457781056159e-01 7.516961924656027482e-04 7.872960416306249240e-06 7.417267931812154185e-07
4.543028685790526566e+01 3.052369859787131771e-03 9.951707013558925841e-01 1.771748263244369518e-03 4.168139015223134445e-06 1.012382068748450595e-06
4.563042028018679019e+01 1.127391577803524975e-02 9.880250050974099807e-01 6.852310789901298795e-04 1.485465892443985650e-05 9.933866486256368986e-07
4.583055370246830762e+01 3.805741622820529597e-03 9.948983712972592208e-01 1.293779389714339468e-03 1.507427040621242341e-06 6.002631741744219003e-07
4.603068712474983215e+01 8.001908946691324576e-03 9.905622935635990389e-01 1.427903864979247631e-03 7.483334475995413435e-06 4.102902630573188827e-07
4.623082054703134958e+01 8.487176088777512173e-03 9.908108608529685446e-01 6.934210582897432041e-04 8.144871079087118561e-06 3.971288949203586519e-07
4.643095396931287411e+01 3.568138798387284014e-03 9.948153308851562793e-01 1.609958472482906407e-03 5.902939547312491889e-06 6.689044357357999008e-07
4.663108739159439153e+01 1.123908104283102491e-02 9.877018751416056785e-01 1.045429352194113563e-03 1.256042585962833661e-05 1.054037517765028961e-06
4.683122081387591606e+01 3.446449620240028908e-03 9.955520849155716778e-01 9.992044643736695732e-04 1.279050198627724403e-06 9.819496244171905015e-07
4.703135423615743349e+01 8.753335364700848623e-03 9.896880869625549471e-01 1.549229600664394149e-03 8.616006352247385639e-06 7.320657359830204378e-07
4.723148765843895802e+01 7.727493735731672843e-03 9.913669831276000766e-01 8.971847857704155120e-04 7.858548004876120358e-06 4.798029026181427150e-07
4.743162108072047545e+01 4.187739945481170137e-03 9.945295585692126572e-01 1.274941768642322238e-03 7.402200088675380388e-06 3.575165859573351008e-07
4.763175450300199998e+01 1.110461421197363359e-02 9.874793832210894129e-01 1.405387187558753814e-03 9.975596603584050714e-06 6.397827854150653280e-07
4.783188792528351740e+01 3.164813523401270069e-03 9.959423789651715708e-01 8.906023405665609502e-04 1.300049230215135897e-06 9.051216410784515214e-07
4.803202134756504194e+01 9.475495173758823747e-03 9.890893629907225870e-01 1.423613203933327045e-03 1.056462541979401845e-05 9.640061761448646168e-07
4.823215476984655936e+01 6.952954619300379113e-03 9.917576334199422750e-01 1.281550033877148489e-03 6.972104290416762888e-06 8.898226005711831864e-07
4.843228819212808389e+01 4.863199985876799809e-03 9.941937509947310625e-01 9.341873247015360093e-04 8.280010653214821875e-06 5.816840476984127790e-07
4.863242161440960132e+01 1.088781722347367635e-02 9.875093733168724963e-01 1.594502463255244524e-03 7.900723341996869137e-06 4.062730673180074616e-07
4.883255503669112585e+01 2.974931575837020531e-03 9.959905036723688543e-01 1.032520633183708686e-03 1.516775059824542400e-06 5.273435608047106871e-07
4.903268845897264328e+01 1.012124773026670636e-02 9.887502382973311077e-01 1.115038079221002858e-03 1.274712392987810908e-05 7.287692614862098286e-07
4.923282188125416781e+01 6.211612361487127594e-03 9.921093193802259513e-01 1.672396404686098690e-03 5.679464049461837018e-06 9.923895627873680064e-07
4.943295530353568523e+01 5.557463246165018390e-03 9.936780523397282794e-01 7.550830905722998032e-04 8.400076318974060056e-06 1.001247226541656227e-06
4.963308872581720976e+01 1.059127669053689692e-02 9.878680964173882639e-01 1.533099711185357790e-03 6.836357367459354785e-06 6.908235338542892064e-07
4.983322214809872719e+01 2.899961032998373510e-03 9.957391073353721866e-01 1.358462832652936785e-03 1.991307502911231903e-06 4.774914860833970773e-07
5.003335557038025172e+01 1.064508933395033261e-02 9.885559134145003313e-01 7.840540819480565880e-04 1.452178537938335614e-05 4.213842345219328463e-07
5.023348899266176915e+01 5.542877677760521191e-03 9.925597707696909300e-01 1.892434668308597828e-03 4.274131640106341471e-06 6.427526112561827361e-07
5.043362241494329368e+01 6.248855125848076959e-03 9.929217333685986802e-01 8.205360517755381404e-04 7.892158758743894945e-06 9.832950312315672120e-07
5.063375583722481110e+01 1.020854226572704034e-02 9.885081527112719035e-01 1.275531544669972206e-03 6.769438694481967577e-06 1.004039649279754210e-06
5.083388925950633563e+01 2.966691706891100375e-03 9.953242522278245019e-01 1.705439014835563984e-03 2.785309852218718297e-06 8.317406100197901285e-07
5.103402268178785306e+01 1.101233905434413282e-02 9.883657855985985563e-01 6.059802756449965151e-04 1.532748896387501223e-05 5.675824621324116726e-07
5.123415610406937759e+01 4.973274622354668419e-03 9.931699190974723201e-01 1.853290892820272416e-03 3.101283477418992419e-06 4.141038906162700554e-07
5.143428952635090212e+01 6.933110574478909029e-03 9.919725993253245555e-01 1.086499695709441113e-03 7.187477633616457741e-06 6.029268683336311709e-07
5.163442294863241955e+01 9.727668027419037605e-03 9.892819619961327193e-01 9.822025535225166123e-04 7.326576087040677537e-06 8.408468532793928463e-07
5.183455637091394408e+01 3.198693429787870940e-03 9.948976306968112526e-01 1.898758897835881336e-03 3.910744749811426335e-06 1.006230829125538456e-06
5.203468979319546150e+01 1.120773348661371557e-02 9.880969624166507925e-01 6.794449324838080194e-04 1.488776276113265204e-05 9.714015044763913202e-07
5.223482321547698604e+01 4.509478320636585782e-03 9.938862613036552052e-01 1.601239228043162006e-03 2.335354670486867560e-06 6.857930083973007059e-07
5.243495663775850346e+01 7.622384694063049498e-03 9.909647134889241205e-01 1.405543014661711498e-03 6.862298837042154549e-06 4.965035280303687966e-07
5.263509006004002799e+01 9.138004395202006455e-03 9.900194219582399979e-01 8.341504613783426230e-04 7.939391282208595511e-06 4.837939118483443319e-07
5.283522348232154542e+01 3.602224915608037530e-03 9.945493435137747751e-01 1.842479163462913509e-03 5.244719939790351580e-06 7.076872278233452000e-07
5.303535690460306995e+01 1.124431975993648442e-02 9.877677084152621800e-01 9.736502178326707961e-04 1.329830421467391937e-05 1.023302767544092027e-06
