   0.000000000000001  -1.204998746187447   0.000000000000000  -0.034852895262784   0.000000000000000  -0.002176183561398   0.000000000000002  -0.000272250486545   0.000000000000026   0.000080941706262   0.000000000006803  -0.000010703115708   0.000000003139309  -0.000000802731475  -0.000000029621572   0.000000029880752  -0.000000001164536   0.000000001166140  -0.000000000035524   0.000000000041028  -0.000000000001043   0.000000000015818  -0.000000000000560   0.000000000026500  -0.000000000001071
  -1.204998746187447   0.000000000000001  -1.662255732646541   0.000000000000002  -0.074737795626291   0.000000000000007  -0.006386448165450   0.000000000000026   0.000864330430035  -0.000000000000373   0.000099908523318   0.000000000063819   0.000007477609113   0.000000029244547  -0.000000278338352  -0.000000275930889  -0.000000010847755  -0.000000010858541  -0.000000000330797  -0.000000000366941  -0.000000000009248  -0.000000000104157  -0.000000000003718  -0.000000000167199  -0.000000000006912
   0.000000000000000  -1.662255732646542  -0.000000000000013  -1.977738366477428  -0.000000000000004  -0.128243908517408   0.000000000000029  -0.016046726936571   0.000000000001693   0.004770809859592   0.000000000401499  -0.000630855797349   0.000000185037015  -0.000047314053184  -0.000001745934640   0.000001761199885  -0.000000068639055   0.000000068689295  -0.000000002092631   0.000000002256797  -0.000000000056493   0.000000000477813  -0.000000000017096   0.000000000728509  -0.000000000030784
  -0.034852895262784   0.000000000000002  -1.977738366477428  -0.000000000000121  -2.205153758505678  -0.000000000000053  -0.199074339885646   0.000000000000473   0.026955476352581  -0.000000000010951   0.003115828149430   0.000000001988224   0.000233202790048   0.000000912036978  -0.000008680485795  -0.000008605365897  -0.000000338306003  -0.000000338491335  -0.000000010312405  -0.000000010904748  -0.000000000271539  -0.000000001756661  -0.000000000062653  -0.000000002519213  -0.000000000108693
   0.000000000000000  -0.074737795626291  -0.000000000000004  -2.205153758505678  -0.000000000000864  -2.357723797750453  -0.000000000000885  -0.318470443922236   0.000000000036247   0.094876222902514   0.000000007992373  -0.012547350365363   0.000003680305108  -0.000941050140306  -0.000034725667630   0.000035029170528  -0.000001365189977   0.000001365762000  -0.000000041609565   0.000000043397510  -0.000000001076346   0.000000005456086  -0.000000000192872   0.000000007287143  -0.000000000320595
  -0.002176183561398   0.000000000000007  -0.128243908517408  -0.000000000000053  -2.357723797750453  -0.000000000004391  -2.402438859638935   0.000000000000872   0.358918516546316  -0.000000000137735   0.041564213884621   0.000000026503435   0.003110915805224   0.000012166480238  -0.000115797339960  -0.000114794969278  -0.000004512982651  -0.000004514457352  -0.000000137539643  -0.000000142077452  -0.000000003513416  -0.000000014384489  -0.000000000501396  -0.000000017749110  -0.000000000794848
   0.000000000000002  -0.006386448165450   0.000000000000029  -0.199074339885646  -0.000000000000885  -2.402438859638935  -0.000000000022843  -2.510365868692392   0.000000000379145   0.918811574864151   0.000000078604680  -0.123323718714553   0.000036179224523  -0.009250955528380  -0.000341369570942   0.000344352530507  -0.000013420442878   0.000013423929227  -0.000000408982595   0.000000419541980  -0.000000010351537   0.000000035114048  -0.000000001201314   0.000000039683189  -0.000000001806483
  -0.000272250486545   0.000000000000026  -0.016046726936571   0.000000000000473  -0.318470443922235   0.000000000000871  -2.510365868692392  -0.000000000011423   1.587782284521590  -0.000000000577591   0.196324557891042   0.000000125122412   0.014704674655123   0.000057508358532  -0.000547352603904  -0.000542613928995  -0.000021332019920  -0.000021336783055  -0.000000650063610  -0.000000664435015  -0.000000016374139  -0.000000049618247  -0.000000001672671  -0.000000052623508  -0.000000002420333
   0.000000000000026   0.000864330430035   0.000000000001693   0.026955476352581   0.000000000036247   0.358918516546316   0.000000000379145   1.587782284521590  -0.000000003142036  -3.844675723750150  -0.000000598664743   0.938089816317414  -0.000278031896607   0.071091995265210   0.002623491018489  -0.002646412585260   0.000103138638819  -0.000103155775519   0.000003142845341  -0.000003194078553   0.000000078560669  -0.000000193962124   0.000000006310921  -0.000000178131878   0.000000008357100
   0.000080941706262  -0.000000000000373   0.004770809859592  -0.000000000010951   0.094876222902514  -0.000000000137735   0.918811574864150  -0.000000000577592  -3.844675723750151   0.000000002880061  -0.946890714225822  -0.000000603576211  -0.071728285311436  -0.000280520890794   0.002670084833965   0.002646966707633   0.000104061415218   0.000104078345091   0.000003170955283   0.000003221774075   0.000000079234390   0.000000193535928   0.000000006283090   0.000000176180266   0.000000008274555
   0.000000000006803   0.000099908523318   0.000000000401499   0.003115828149430   0.000000007992373   0.041564213884621   0.000000078604680   0.196324557891042  -0.000000598664743  -0.946890714225822  -0.000006645776916   5.211042574398121  -0.003040182221492   0.777237120918155   0.028812794752300  -0.029064466155592   0.001132743621135  -0.001132847118459   0.000034514795175  -0.000034839094733   0.000000854832702  -0.000001555192382   0.000000046632448  -0.000001031249331   0.000000050034753
  -0.000010703115708   0.000000000063819  -0.000630855797349   0.000000001988224  -0.012547350365363   0.000000026503435  -0.123323718714553   0.000000125122412   0.938089816317414  -0.000000603576212   5.211042574398121   0.000006640715140   0.777276002932343   0.003040320539518  -0.029065865521893  -0.028814215153861  -0.001132797725322  -0.001132903342153  -0.000034516431595  -0.000034840748507  -0.000000854870340  -0.000001555067872  -0.000000046626575  -0.000001030983930  -0.000000050022512
   0.000000003139309   0.000007477609113   0.000000185037015   0.000233202790048   0.000003680305108   0.003110915805224   0.000036179224523   0.014704674655123  -0.000278031896607  -0.071728285311437  -0.003040182221491   0.777276002932342  -0.049554114335186   6.335314587056284   0.468305544111925  -0.468715544472203   0.018453354983540  -0.018310187991389   0.000562249778033  -0.000560412886579   0.000013835318042  -0.000019128528561   0.000000514829736  -0.000007532546865   0.000000381452857
  -0.000000802731475   0.000000029244547  -0.000047314053184   0.000000912036978  -0.000941050140306   0.000012166480238  -0.009250955528380   0.000057508358532   0.071091995265210  -0.000280520890794   0.777237120918155   0.003040320539517   6.335314587056284   0.049553982656041  -0.468715876190619  -0.468305368558589  -0.018309588697489  -0.018453965205994  -0.000557869223179  -0.000564813601184  -0.000013727525296  -0.000019278729051  -0.000000510818275  -0.000007591684261  -0.000000378480290
  -0.000000029621572  -0.000000278338352  -0.000001745934640  -0.000008680485795  -0.000034725667630  -0.000115797339960  -0.000341369570942  -0.000547352603904   0.002623491018489   0.002670084833965   0.028812794752300  -0.029065865521892   0.468305544111925  -0.468715876190619  -7.395381772826882   0.064321996581581  -0.578181077923206   0.002514394395191  -0.017639435176754   0.000076824660211  -0.000432358056210   0.000002180932380  -0.000011900336784   0.000000412366881  -0.000004864835334
   0.000000029880752  -0.000000275930889   0.000001761199885  -0.000008605365897   0.000035029170528  -0.000114794969278   0.000344352530507  -0.000542613928995  -0.002646412585260   0.002646966707633  -0.029064466155592  -0.028814215153861  -0.468715544472203  -0.468305368558589   0.064321996581581   7.395377846031095   0.002514438760913   0.578170919463114   0.000076708857790   0.017666065604627   0.000001880201505   0.000501512034842   0.000000051751154   0.000094824976784   0.000000021155766
  -0.000000001164536  -0.000000010847755  -0.000000068639055  -0.000000338306003  -0.000001365189977  -0.000004512982651  -0.000013420442878  -0.000021332019920   0.000103138638819   0.000104061415218   0.001132743621135  -0.001132797725322   0.018453354983541  -0.018309588697489  -0.578181077923206   0.002514438760913  -8.429248402485026   0.000002759605082  -0.513199241747519   0.000000083966434  -0.012561942952672   0.000000002150551  -0.000287240215418   0.000000000169407  -0.000051384475202
   0.000000001166140  -0.000000010858541   0.000000068689295  -0.000000338491335   0.000001365762000  -0.000004514457352   0.000013423929227  -0.000021336783055  -0.000103155775519   0.000104078345091  -0.001132847118459  -0.001132903342153  -0.018310187991388  -0.018453965205994   0.002514394395191   0.578170919463114   0.000002759605082   8.429135795749692   0.000000084009649   0.512936411866706   0.000000002056309   0.013137680334386   0.000000000047019   0.001034887047310   0.000000000008411
  -0.000000000035524  -0.000000000330797  -0.000000002092631  -0.000000010312405  -0.000000041609565  -0.000000137539643  -0.000000408982595  -0.000000650063610   0.000003142845341   0.000003170955283   0.000034514795175  -0.000034516431595   0.000562249778033  -0.000557869223179  -0.017639435176754   0.000076708857790  -0.513199241747519   0.000000084009649  -9.449637127767097   0.000000000083150  -0.461364650356219   0.000000000002008  -0.009616127699459   0.000000000000068  -0.000658199815917
   0.000000000041028  -0.000000000366941   0.000000002256797  -0.000000010904748   0.000000043397510  -0.000000142077452   0.000000419541980  -0.000000664435015  -0.000003194078553   0.000003221774075  -0.000034839094733  -0.000034840748507  -0.000560412886579  -0.000564813601184   0.000076824660211   0.017666065604626   0.000000083966434   0.512936411866705   0.000000000083150   9.447153864240830   0.000000000002030   0.456395124025478   0.000000000000042   0.015441179339705   0.000000000000003
  -0.000000000001043  -0.000000000009248  -0.000000000056493  -0.000000000271539  -0.000000001076346  -0.000000003513416  -0.000000010351537  -0.000000016374139   0.000000078560669   0.000000079234390   0.000000854832702  -0.000000854870340   0.000013835318042  -0.000013727525296  -0.000432358056210   0.000001880201505  -0.012561942952673   0.000000002056309  -0.461364650356219   0.000000000002030 -10.461384080072669   0.000000000000002  -0.415991714905086   0.000000000000000  -0.011727650809338
   0.000000000015818  -0.000000000104157   0.000000000477813  -0.000000001756661   0.000000005456086  -0.000000014384489   0.000000035114048  -0.000000049618247  -0.000000193962124   0.000000193535928  -0.000001555192382  -0.000001555067872  -0.000019128528561  -0.000019278729051   0.000002180932380   0.000501512034842   0.000000002150551   0.013137680334386   0.000000000002008   0.456395124025478   0.000000000000002  10.432394033069066   0.000000000000000   0.366288596846121   0.000000000000000
  -0.000000000000560  -0.000000000003718  -0.000000000017096  -0.000000000062653  -0.000000000192872  -0.000000000501396  -0.000000001201314  -0.000000001672671   0.000000006310921   0.000000006283090   0.000000046632448  -0.000000046626575   0.000000514829736  -0.000000510818275  -0.000011900336784   0.000000051751154  -0.000287240215418   0.000000000047019  -0.009616127699459   0.000000000000042  -0.415991714905086   0.000000000000000 -11.449009213244114  -0.000000000000000  -0.341742616808003
   0.000000000026500  -0.000000000167199   0.000000000728509  -0.000000002519213   0.000000007287143  -0.000000017749110   0.000000039683189  -0.000000052623508  -0.000000178131878   0.000000176180266  -0.000001031249331  -0.000001030983930  -0.000007532546865  -0.000007591684261   0.000000412366881   0.000094824976784   0.000000000169407   0.001034887047310   0.000000000000068   0.015441179339705   0.000000000000000   0.366288596846121  -0.000000000000000  11.357377276332151  -0.000000000000000
  -0.000000000001071  -0.000000000006912  -0.000000000030784  -0.000000000108693  -0.000000000320595  -0.000000000794848  -0.000000001806483  -0.000000002420333   0.000000008357100   0.000000008274555   0.000000050034753  -0.000000050022512   0.000000381452857  -0.000000378480290  -0.000004864835334   0.000000021155766  -0.000051384475202   0.000000000008411  -0.000658199815917   0.000000000000003  -0.011727650809338   0.000000000000000  -0.341742616808002  -0.000000000000000 -12.376778081984604
